1472 1871 2291
0 0 232 0.915408510854 n0e0
0 0 252 0.0845914891458 n0e0
0 1 233 0.966014624585 n0e1
0 1 252 0.0339853754155 n0e1
1 0 234 0.995941475844 n0e0
1 0 313 0.00405852415619 n0e0
1 1 235 0.934019231013 n0e1
1 1 313 0.0659807689872 n0e1
2 0 236 0.997455311311 n0e0
2 0 374 0.00254468868868 n0e0
2 1 237 0.904563665869 n0e1
2 1 374 0.0954363341315 n0e1
3 0 238 0.90633159618 n0e0
3 0 435 0.09366840382 n0e0
3 1 239 0.901375407469 n0e1
3 1 435 0.0986245925313 n0e1
4 0 240 0.98721979452 n0e0
4 0 496 0.0127802054805 n0e0
4 1 241 0.934183964084 n0e1
4 1 496 0.0658160359159 n0e1
5 0 242 0.93118916922 n0e0
5 0 557 0.0688108307799 n0e0
5 1 243 0.982074335498 n0e1
5 1 557 0.0179256645024 n0e1
6 0 244 0.956867826872 n0e0
6 0 618 0.0431321731284 n0e0
6 1 245 0.977954379965 n0e1
6 1 618 0.0220456200349 n0e1
7 0 246 0.900882412901 n0e0
7 0 679 0.0991175870992 n0e0
7 1 247 0.942961606005 n0e1
7 1 679 0.0570383939946 n0e1
8 0 248 0.965056212562 n0e0
8 0 740 0.0349437874377 n0e0
8 1 249 0.94722293608 n0e1
8 1 740 0.0527770639195 n0e1
9 0 250 0.93032125975 n0e0
9 0 801 0.0696787402503 n0e0
9 1 251 0.902186504302 n0e1
9 1 801 0.0978134956982 n0e1
10 0 253 0.0301643303317 n1e0
10 0 254 0.969835669668 n1e0
10 1 253 0.0934503965946 n1e1
10 1 255 0.906549603405 n1e1
11 0 256 0.0301643303317 n1e0
11 0 257 0.969835669668 n1e0
11 1 256 0.0934503965946 n1e1
11 1 258 0.906549603405 n1e1
12 0 259 0.0680538112764 n1e0
12 0 260 0.931946188724 n1e0
12 1 259 0.0995606911598 n1e1
12 1 261 0.90043930884 n1e1
13 0 262 0.0680538112764 n1e0
13 0 263 0.931946188724 n1e0
13 1 262 0.0995606911598 n1e1
13 1 264 0.90043930884 n1e1
14 0 265 0.0448883985194 n1e0
14 0 266 0.955111601481 n1e0
14 1 265 0.000287774152653 n1e1
14 1 267 0.999712225847 n1e1
15 0 268 0.0448883985194 n1e0
15 0 269 0.955111601481 n1e0
15 1 268 0.000287774152653 n1e1
15 1 270 0.999712225847 n1e1
16 0 271 0.0843455650147 n1e0
16 0 272 0.915654434985 n1e0
16 1 271 0.0444044917845 n1e1
16 1 273 0.955595508215 n1e1
17 0 274 0.0843455650147 n1e0
17 0 275 0.915654434985 n1e0
17 1 274 0.0444044917845 n1e1
17 1 276 0.955595508215 n1e1
18 0 277 0.0223835167671 n1e0
18 0 278 0.977616483233 n1e0
18 1 277 0.0914038665788 n1e1
18 1 279 0.908596133421 n1e1
19 0 280 0.0223835167671 n1e0
19 0 281 0.977616483233 n1e0
19 1 280 0.0914038665788 n1e1
19 1 282 0.908596133421 n1e1
20 0 283 0.0108158624395 n1e0
20 0 284 0.98918413756 n1e0
20 1 283 0.0889692300101 n1e1
20 1 285 0.91103076999 n1e1
21 0 286 0.0108158624395 n1e0
21 0 287 0.98918413756 n1e0
21 1 286 0.0889692300101 n1e1
21 1 288 0.91103076999 n1e1
22 0 289 0.0586518379872 n1e0
22 0 290 0.941348162013 n1e0
22 1 289 0.00802906489288 n1e1
22 1 291 0.991970935107 n1e1
23 0 292 0.0586518379872 n1e0
23 0 293 0.941348162013 n1e0
23 1 292 0.00802906489288 n1e1
23 1 294 0.991970935107 n1e1
24 0 295 0.0409241688911 n1e0
24 0 296 0.959075831109 n1e0
24 1 295 0.0564258191424 n1e1
24 1 297 0.943574180858 n1e1
25 0 298 0.0409241688911 n1e0
25 0 299 0.959075831109 n1e0
25 1 298 0.0564258191424 n1e1
25 1 300 0.943574180858 n1e1
26 0 301 0.0271080018538 n1e0
26 0 302 0.972891998146 n1e0
26 1 301 0.0829973093045 n1e1
26 1 303 0.917002690696 n1e1
27 0 304 0.0271080018538 n1e0
27 0 305 0.972891998146 n1e0
27 1 304 0.0829973093045 n1e1
27 1 306 0.917002690696 n1e1
28 0 307 0.0905607419732 n1e0
28 0 308 0.909439258027 n1e0
28 1 307 0.0201860687192 n1e1
28 1 309 0.979813931281 n1e1
29 0 310 0.0905607419732 n1e0
29 0 311 0.909439258027 n1e0
29 1 310 0.0201860687192 n1e1
29 1 312 0.979813931281 n1e1
30 0 314 0.0301643303317 n1e0
30 0 315 0.969835669668 n1e0
30 1 314 0.0934503965946 n1e1
30 1 316 0.906549603405 n1e1
31 0 317 0.0301643303317 n1e0
31 0 318 0.969835669668 n1e0
31 1 317 0.0934503965946 n1e1
31 1 319 0.906549603405 n1e1
32 0 320 0.0680538112764 n1e0
32 0 321 0.931946188724 n1e0
32 1 320 0.0995606911598 n1e1
32 1 322 0.90043930884 n1e1
33 0 323 0.0680538112764 n1e0
33 0 324 0.931946188724 n1e0
33 1 323 0.0995606911598 n1e1
33 1 325 0.90043930884 n1e1
34 0 326 0.0448883985194 n1e0
34 0 327 0.955111601481 n1e0
34 1 326 0.000287774152653 n1e1
34 1 328 0.999712225847 n1e1
35 0 329 0.0448883985194 n1e0
35 0 330 0.955111601481 n1e0
35 1 329 0.000287774152653 n1e1
35 1 331 0.999712225847 n1e1
36 0 332 0.0843455650147 n1e0
36 0 333 0.915654434985 n1e0
36 1 332 0.0444044917845 n1e1
36 1 334 0.955595508215 n1e1
37 0 335 0.0843455650147 n1e0
37 0 336 0.915654434985 n1e0
37 1 335 0.0444044917845 n1e1
37 1 337 0.955595508215 n1e1
38 0 338 0.0223835167671 n1e0
38 0 339 0.977616483233 n1e0
38 1 338 0.0914038665788 n1e1
38 1 340 0.908596133421 n1e1
39 0 341 0.0223835167671 n1e0
39 0 342 0.977616483233 n1e0
39 1 341 0.0914038665788 n1e1
39 1 343 0.908596133421 n1e1
40 0 344 0.0108158624395 n1e0
40 0 345 0.98918413756 n1e0
40 1 344 0.0889692300101 n1e1
40 1 346 0.91103076999 n1e1
41 0 347 0.0108158624395 n1e0
41 0 348 0.98918413756 n1e0
41 1 347 0.0889692300101 n1e1
41 1 349 0.91103076999 n1e1
42 0 350 0.0586518379872 n1e0
42 0 351 0.941348162013 n1e0
42 1 350 0.00802906489288 n1e1
42 1 352 0.991970935107 n1e1
43 0 353 0.0586518379872 n1e0
43 0 354 0.941348162013 n1e0
43 1 353 0.00802906489288 n1e1
43 1 355 0.991970935107 n1e1
44 0 356 0.0409241688911 n1e0
44 0 357 0.959075831109 n1e0
44 1 356 0.0564258191424 n1e1
44 1 358 0.943574180858 n1e1
45 0 359 0.0409241688911 n1e0
45 0 360 0.959075831109 n1e0
45 1 359 0.0564258191424 n1e1
45 1 361 0.943574180858 n1e1
46 0 362 0.0271080018538 n1e0
46 0 363 0.972891998146 n1e0
46 1 362 0.0829973093045 n1e1
46 1 364 0.917002690696 n1e1
47 0 365 0.0271080018538 n1e0
47 0 366 0.972891998146 n1e0
47 1 365 0.0829973093045 n1e1
47 1 367 0.917002690696 n1e1
48 0 368 0.0905607419732 n1e0
48 0 369 0.909439258027 n1e0
48 1 368 0.0201860687192 n1e1
48 1 370 0.979813931281 n1e1
49 0 371 0.0905607419732 n1e0
49 0 372 0.909439258027 n1e0
49 1 371 0.0201860687192 n1e1
49 1 373 0.979813931281 n1e1
50 0 375 0.0301643303317 n1e0
50 0 376 0.969835669668 n1e0
50 1 375 0.0934503965946 n1e1
50 1 377 0.906549603405 n1e1
51 0 378 0.0301643303317 n1e0
51 0 379 0.969835669668 n1e0
51 1 378 0.0934503965946 n1e1
51 1 380 0.906549603405 n1e1
52 0 381 0.0680538112764 n1e0
52 0 382 0.931946188724 n1e0
52 1 381 0.0995606911598 n1e1
52 1 383 0.90043930884 n1e1
53 0 384 0.0680538112764 n1e0
53 0 385 0.931946188724 n1e0
53 1 384 0.0995606911598 n1e1
53 1 386 0.90043930884 n1e1
54 0 387 0.0448883985194 n1e0
54 0 388 0.955111601481 n1e0
54 1 387 0.000287774152653 n1e1
54 1 389 0.999712225847 n1e1
55 0 390 0.0448883985194 n1e0
55 0 391 0.955111601481 n1e0
55 1 390 0.000287774152653 n1e1
55 1 392 0.999712225847 n1e1
56 0 393 0.0843455650147 n1e0
56 0 394 0.915654434985 n1e0
56 1 393 0.0444044917845 n1e1
56 1 395 0.955595508215 n1e1
57 0 396 0.0843455650147 n1e0
57 0 397 0.915654434985 n1e0
57 1 396 0.0444044917845 n1e1
57 1 398 0.955595508215 n1e1
58 0 399 0.0223835167671 n1e0
58 0 400 0.977616483233 n1e0
58 1 399 0.0914038665788 n1e1
58 1 401 0.908596133421 n1e1
59 0 402 0.0223835167671 n1e0
59 0 403 0.977616483233 n1e0
59 1 402 0.0914038665788 n1e1
59 1 404 0.908596133421 n1e1
60 0 405 0.0108158624395 n1e0
60 0 406 0.98918413756 n1e0
60 1 405 0.0889692300101 n1e1
60 1 407 0.91103076999 n1e1
61 0 408 0.0108158624395 n1e0
61 0 409 0.98918413756 n1e0
61 1 408 0.0889692300101 n1e1
61 1 410 0.91103076999 n1e1
62 0 411 0.0586518379872 n1e0
62 0 412 0.941348162013 n1e0
62 1 411 0.00802906489288 n1e1
62 1 413 0.991970935107 n1e1
63 0 414 0.0586518379872 n1e0
63 0 415 0.941348162013 n1e0
63 1 414 0.00802906489288 n1e1
63 1 416 0.991970935107 n1e1
64 0 417 0.0409241688911 n1e0
64 0 418 0.959075831109 n1e0
64 1 417 0.0564258191424 n1e1
64 1 419 0.943574180858 n1e1
65 0 420 0.0409241688911 n1e0
65 0 421 0.959075831109 n1e0
65 1 420 0.0564258191424 n1e1
65 1 422 0.943574180858 n1e1
66 0 423 0.0271080018538 n1e0
66 0 424 0.972891998146 n1e0
66 1 423 0.0829973093045 n1e1
66 1 425 0.917002690696 n1e1
67 0 426 0.0271080018538 n1e0
67 0 427 0.972891998146 n1e0
67 1 426 0.0829973093045 n1e1
67 1 428 0.917002690696 n1e1
68 0 429 0.0905607419732 n1e0
68 0 430 0.909439258027 n1e0
68 1 429 0.0201860687192 n1e1
68 1 431 0.979813931281 n1e1
69 0 432 0.0905607419732 n1e0
69 0 433 0.909439258027 n1e0
69 1 432 0.0201860687192 n1e1
69 1 434 0.979813931281 n1e1
70 0 436 0.0301643303317 n1e0
70 0 437 0.969835669668 n1e0
70 1 436 0.0934503965946 n1e1
70 1 438 0.906549603405 n1e1
71 0 439 0.0301643303317 n1e0
71 0 440 0.969835669668 n1e0
71 1 439 0.0934503965946 n1e1
71 1 441 0.906549603405 n1e1
72 0 442 0.0680538112764 n1e0
72 0 443 0.931946188724 n1e0
72 1 442 0.0995606911598 n1e1
72 1 444 0.90043930884 n1e1
73 0 445 0.0680538112764 n1e0
73 0 446 0.931946188724 n1e0
73 1 445 0.0995606911598 n1e1
73 1 447 0.90043930884 n1e1
74 0 448 0.0448883985194 n1e0
74 0 449 0.955111601481 n1e0
74 1 448 0.000287774152653 n1e1
74 1 450 0.999712225847 n1e1
75 0 451 0.0448883985194 n1e0
75 0 452 0.955111601481 n1e0
75 1 451 0.000287774152653 n1e1
75 1 453 0.999712225847 n1e1
76 0 454 0.0843455650147 n1e0
76 0 455 0.915654434985 n1e0
76 1 454 0.0444044917845 n1e1
76 1 456 0.955595508215 n1e1
77 0 457 0.0843455650147 n1e0
77 0 458 0.915654434985 n1e0
77 1 457 0.0444044917845 n1e1
77 1 459 0.955595508215 n1e1
78 0 460 0.0223835167671 n1e0
78 0 461 0.977616483233 n1e0
78 1 460 0.0914038665788 n1e1
78 1 462 0.908596133421 n1e1
79 0 463 0.0223835167671 n1e0
79 0 464 0.977616483233 n1e0
79 1 463 0.0914038665788 n1e1
79 1 465 0.908596133421 n1e1
80 0 466 0.0108158624395 n1e0
80 0 467 0.98918413756 n1e0
80 1 466 0.0889692300101 n1e1
80 1 468 0.91103076999 n1e1
81 0 469 0.0108158624395 n1e0
81 0 470 0.98918413756 n1e0
81 1 469 0.0889692300101 n1e1
81 1 471 0.91103076999 n1e1
82 0 472 0.0586518379872 n1e0
82 0 473 0.941348162013 n1e0
82 1 472 0.00802906489288 n1e1
82 1 474 0.991970935107 n1e1
83 0 475 0.0586518379872 n1e0
83 0 476 0.941348162013 n1e0
83 1 475 0.00802906489288 n1e1
83 1 477 0.991970935107 n1e1
84 0 478 0.0409241688911 n1e0
84 0 479 0.959075831109 n1e0
84 1 478 0.0564258191424 n1e1
84 1 480 0.943574180858 n1e1
85 0 481 0.0409241688911 n1e0
85 0 482 0.959075831109 n1e0
85 1 481 0.0564258191424 n1e1
85 1 483 0.943574180858 n1e1
86 0 484 0.0271080018538 n1e0
86 0 485 0.972891998146 n1e0
86 1 484 0.0829973093045 n1e1
86 1 486 0.917002690696 n1e1
87 0 487 0.0271080018538 n1e0
87 0 488 0.972891998146 n1e0
87 1 487 0.0829973093045 n1e1
87 1 489 0.917002690696 n1e1
88 0 490 0.0905607419732 n1e0
88 0 491 0.909439258027 n1e0
88 1 490 0.0201860687192 n1e1
88 1 492 0.979813931281 n1e1
89 0 493 0.0905607419732 n1e0
89 0 494 0.909439258027 n1e0
89 1 493 0.0201860687192 n1e1
89 1 495 0.979813931281 n1e1
90 0 497 0.0301643303317 n1e0
90 0 498 0.969835669668 n1e0
90 1 497 0.0934503965946 n1e1
90 1 499 0.906549603405 n1e1
91 0 500 0.0301643303317 n1e0
91 0 501 0.969835669668 n1e0
91 1 500 0.0934503965946 n1e1
91 1 502 0.906549603405 n1e1
92 0 503 0.0680538112764 n1e0
92 0 504 0.931946188724 n1e0
92 1 503 0.0995606911598 n1e1
92 1 505 0.90043930884 n1e1
93 0 506 0.0680538112764 n1e0
93 0 507 0.931946188724 n1e0
93 1 506 0.0995606911598 n1e1
93 1 508 0.90043930884 n1e1
94 0 509 0.0448883985194 n1e0
94 0 510 0.955111601481 n1e0
94 1 509 0.000287774152653 n1e1
94 1 511 0.999712225847 n1e1
95 0 512 0.0448883985194 n1e0
95 0 513 0.955111601481 n1e0
95 1 512 0.000287774152653 n1e1
95 1 514 0.999712225847 n1e1
96 0 515 0.0843455650147 n1e0
96 0 516 0.915654434985 n1e0
96 1 515 0.0444044917845 n1e1
96 1 517 0.955595508215 n1e1
97 0 518 0.0843455650147 n1e0
97 0 519 0.915654434985 n1e0
97 1 518 0.0444044917845 n1e1
97 1 520 0.955595508215 n1e1
98 0 521 0.0223835167671 n1e0
98 0 522 0.977616483233 n1e0
98 1 521 0.0914038665788 n1e1
98 1 523 0.908596133421 n1e1
99 0 524 0.0223835167671 n1e0
99 0 525 0.977616483233 n1e0
99 1 524 0.0914038665788 n1e1
99 1 526 0.908596133421 n1e1
100 0 527 0.0108158624395 n1e0
100 0 528 0.98918413756 n1e0
100 1 527 0.0889692300101 n1e1
100 1 529 0.91103076999 n1e1
101 0 530 0.0108158624395 n1e0
101 0 531 0.98918413756 n1e0
101 1 530 0.0889692300101 n1e1
101 1 532 0.91103076999 n1e1
102 0 533 0.0586518379872 n1e0
102 0 534 0.941348162013 n1e0
102 1 533 0.00802906489288 n1e1
102 1 535 0.991970935107 n1e1
103 0 536 0.0586518379872 n1e0
103 0 537 0.941348162013 n1e0
103 1 536 0.00802906489288 n1e1
103 1 538 0.991970935107 n1e1
104 0 539 0.0409241688911 n1e0
104 0 540 0.959075831109 n1e0
104 1 539 0.0564258191424 n1e1
104 1 541 0.943574180858 n1e1
105 0 542 0.0409241688911 n1e0
105 0 543 0.959075831109 n1e0
105 1 542 0.0564258191424 n1e1
105 1 544 0.943574180858 n1e1
106 0 545 0.0271080018538 n1e0
106 0 546 0.972891998146 n1e0
106 1 545 0.0829973093045 n1e1
106 1 547 0.917002690696 n1e1
107 0 548 0.0271080018538 n1e0
107 0 549 0.972891998146 n1e0
107 1 548 0.0829973093045 n1e1
107 1 550 0.917002690696 n1e1
108 0 551 0.0905607419732 n1e0
108 0 552 0.909439258027 n1e0
108 1 551 0.0201860687192 n1e1
108 1 553 0.979813931281 n1e1
109 0 554 0.0905607419732 n1e0
109 0 555 0.909439258027 n1e0
109 1 554 0.0201860687192 n1e1
109 1 556 0.979813931281 n1e1
110 0 558 0.0301643303317 n1e0
110 0 559 0.969835669668 n1e0
110 1 558 0.0934503965946 n1e1
110 1 560 0.906549603405 n1e1
111 0 561 0.0301643303317 n1e0
111 0 562 0.969835669668 n1e0
111 1 561 0.0934503965946 n1e1
111 1 563 0.906549603405 n1e1
112 0 564 0.0680538112764 n1e0
112 0 565 0.931946188724 n1e0
112 1 564 0.0995606911598 n1e1
112 1 566 0.90043930884 n1e1
113 0 567 0.0680538112764 n1e0
113 0 568 0.931946188724 n1e0
113 1 567 0.0995606911598 n1e1
113 1 569 0.90043930884 n1e1
114 0 570 0.0448883985194 n1e0
114 0 571 0.955111601481 n1e0
114 1 570 0.000287774152653 n1e1
114 1 572 0.999712225847 n1e1
115 0 573 0.0448883985194 n1e0
115 0 574 0.955111601481 n1e0
115 1 573 0.000287774152653 n1e1
115 1 575 0.999712225847 n1e1
116 0 576 0.0843455650147 n1e0
116 0 577 0.915654434985 n1e0
116 1 576 0.0444044917845 n1e1
116 1 578 0.955595508215 n1e1
117 0 579 0.0843455650147 n1e0
117 0 580 0.915654434985 n1e0
117 1 579 0.0444044917845 n1e1
117 1 581 0.955595508215 n1e1
118 0 582 0.0223835167671 n1e0
118 0 583 0.977616483233 n1e0
118 1 582 0.0914038665788 n1e1
118 1 584 0.908596133421 n1e1
119 0 585 0.0223835167671 n1e0
119 0 586 0.977616483233 n1e0
119 1 585 0.0914038665788 n1e1
119 1 587 0.908596133421 n1e1
120 0 588 0.0108158624395 n1e0
120 0 589 0.98918413756 n1e0
120 1 588 0.0889692300101 n1e1
120 1 590 0.91103076999 n1e1
121 0 591 0.0108158624395 n1e0
121 0 592 0.98918413756 n1e0
121 1 591 0.0889692300101 n1e1
121 1 593 0.91103076999 n1e1
122 0 594 0.0586518379872 n1e0
122 0 595 0.941348162013 n1e0
122 1 594 0.00802906489288 n1e1
122 1 596 0.991970935107 n1e1
123 0 597 0.0586518379872 n1e0
123 0 598 0.941348162013 n1e0
123 1 597 0.00802906489288 n1e1
123 1 599 0.991970935107 n1e1
124 0 600 0.0409241688911 n1e0
124 0 601 0.959075831109 n1e0
124 1 600 0.0564258191424 n1e1
124 1 602 0.943574180858 n1e1
125 0 603 0.0409241688911 n1e0
125 0 604 0.959075831109 n1e0
125 1 603 0.0564258191424 n1e1
125 1 605 0.943574180858 n1e1
126 0 606 0.0271080018538 n1e0
126 0 607 0.972891998146 n1e0
126 1 606 0.0829973093045 n1e1
126 1 608 0.917002690696 n1e1
127 0 609 0.0271080018538 n1e0
127 0 610 0.972891998146 n1e0
127 1 609 0.0829973093045 n1e1
127 1 611 0.917002690696 n1e1
128 0 612 0.0905607419732 n1e0
128 0 613 0.909439258027 n1e0
128 1 612 0.0201860687192 n1e1
128 1 614 0.979813931281 n1e1
129 0 615 0.0905607419732 n1e0
129 0 616 0.909439258027 n1e0
129 1 615 0.0201860687192 n1e1
129 1 617 0.979813931281 n1e1
130 0 619 0.0301643303317 n1e0
130 0 620 0.969835669668 n1e0
130 1 619 0.0934503965946 n1e1
130 1 621 0.906549603405 n1e1
131 0 622 0.0301643303317 n1e0
131 0 623 0.969835669668 n1e0
131 1 622 0.0934503965946 n1e1
131 1 624 0.906549603405 n1e1
132 0 625 0.0680538112764 n1e0
132 0 626 0.931946188724 n1e0
132 1 625 0.0995606911598 n1e1
132 1 627 0.90043930884 n1e1
133 0 628 0.0680538112764 n1e0
133 0 629 0.931946188724 n1e0
133 1 628 0.0995606911598 n1e1
133 1 630 0.90043930884 n1e1
134 0 631 0.0448883985194 n1e0
134 0 632 0.955111601481 n1e0
134 1 631 0.000287774152653 n1e1
134 1 633 0.999712225847 n1e1
135 0 634 0.0448883985194 n1e0
135 0 635 0.955111601481 n1e0
135 1 634 0.000287774152653 n1e1
135 1 636 0.999712225847 n1e1
136 0 637 0.0843455650147 n1e0
136 0 638 0.915654434985 n1e0
136 1 637 0.0444044917845 n1e1
136 1 639 0.955595508215 n1e1
137 0 640 0.0843455650147 n1e0
137 0 641 0.915654434985 n1e0
137 1 640 0.0444044917845 n1e1
137 1 642 0.955595508215 n1e1
138 0 643 0.0223835167671 n1e0
138 0 644 0.977616483233 n1e0
138 1 643 0.0914038665788 n1e1
138 1 645 0.908596133421 n1e1
139 0 646 0.0223835167671 n1e0
139 0 647 0.977616483233 n1e0
139 1 646 0.0914038665788 n1e1
139 1 648 0.908596133421 n1e1
140 0 649 0.0108158624395 n1e0
140 0 650 0.98918413756 n1e0
140 1 649 0.0889692300101 n1e1
140 1 651 0.91103076999 n1e1
141 0 652 0.0108158624395 n1e0
141 0 653 0.98918413756 n1e0
141 1 652 0.0889692300101 n1e1
141 1 654 0.91103076999 n1e1
142 0 655 0.0586518379872 n1e0
142 0 656 0.941348162013 n1e0
142 1 655 0.00802906489288 n1e1
142 1 657 0.991970935107 n1e1
143 0 658 0.0586518379872 n1e0
143 0 659 0.941348162013 n1e0
143 1 658 0.00802906489288 n1e1
143 1 660 0.991970935107 n1e1
144 0 661 0.0409241688911 n1e0
144 0 662 0.959075831109 n1e0
144 1 661 0.0564258191424 n1e1
144 1 663 0.943574180858 n1e1
145 0 664 0.0409241688911 n1e0
145 0 665 0.959075831109 n1e0
145 1 664 0.0564258191424 n1e1
145 1 666 0.943574180858 n1e1
146 0 667 0.0271080018538 n1e0
146 0 668 0.972891998146 n1e0
146 1 667 0.0829973093045 n1e1
146 1 669 0.917002690696 n1e1
147 0 670 0.0271080018538 n1e0
147 0 671 0.972891998146 n1e0
147 1 670 0.0829973093045 n1e1
147 1 672 0.917002690696 n1e1
148 0 673 0.0905607419732 n1e0
148 0 674 0.909439258027 n1e0
148 1 673 0.0201860687192 n1e1
148 1 675 0.979813931281 n1e1
149 0 676 0.0905607419732 n1e0
149 0 677 0.909439258027 n1e0
149 1 676 0.0201860687192 n1e1
149 1 678 0.979813931281 n1e1
150 0 680 0.0301643303317 n1e0
150 0 681 0.969835669668 n1e0
150 1 680 0.0934503965946 n1e1
150 1 682 0.906549603405 n1e1
151 0 683 0.0301643303317 n1e0
151 0 684 0.969835669668 n1e0
151 1 683 0.0934503965946 n1e1
151 1 685 0.906549603405 n1e1
152 0 686 0.0680538112764 n1e0
152 0 687 0.931946188724 n1e0
152 1 686 0.0995606911598 n1e1
152 1 688 0.90043930884 n1e1
153 0 689 0.0680538112764 n1e0
153 0 690 0.931946188724 n1e0
153 1 689 0.0995606911598 n1e1
153 1 691 0.90043930884 n1e1
154 0 692 0.0448883985194 n1e0
154 0 693 0.955111601481 n1e0
154 1 692 0.000287774152653 n1e1
154 1 694 0.999712225847 n1e1
155 0 695 0.0448883985194 n1e0
155 0 696 0.955111601481 n1e0
155 1 695 0.000287774152653 n1e1
155 1 697 0.999712225847 n1e1
156 0 698 0.0843455650147 n1e0
156 0 699 0.915654434985 n1e0
156 1 698 0.0444044917845 n1e1
156 1 700 0.955595508215 n1e1
157 0 701 0.0843455650147 n1e0
157 0 702 0.915654434985 n1e0
157 1 701 0.0444044917845 n1e1
157 1 703 0.955595508215 n1e1
158 0 704 0.0223835167671 n1e0
158 0 705 0.977616483233 n1e0
158 1 704 0.0914038665788 n1e1
158 1 706 0.908596133421 n1e1
159 0 707 0.0223835167671 n1e0
159 0 708 0.977616483233 n1e0
159 1 707 0.0914038665788 n1e1
159 1 709 0.908596133421 n1e1
160 0 710 0.0108158624395 n1e0
160 0 711 0.98918413756 n1e0
160 1 710 0.0889692300101 n1e1
160 1 712 0.91103076999 n1e1
161 0 713 0.0108158624395 n1e0
161 0 714 0.98918413756 n1e0
161 1 713 0.0889692300101 n1e1
161 1 715 0.91103076999 n1e1
162 0 716 0.0586518379872 n1e0
162 0 717 0.941348162013 n1e0
162 1 716 0.00802906489288 n1e1
162 1 718 0.991970935107 n1e1
163 0 719 0.0586518379872 n1e0
163 0 720 0.941348162013 n1e0
163 1 719 0.00802906489288 n1e1
163 1 721 0.991970935107 n1e1
164 0 722 0.0409241688911 n1e0
164 0 723 0.959075831109 n1e0
164 1 722 0.0564258191424 n1e1
164 1 724 0.943574180858 n1e1
165 0 725 0.0409241688911 n1e0
165 0 726 0.959075831109 n1e0
165 1 725 0.0564258191424 n1e1
165 1 727 0.943574180858 n1e1
166 0 728 0.0271080018538 n1e0
166 0 729 0.972891998146 n1e0
166 1 728 0.0829973093045 n1e1
166 1 730 0.917002690696 n1e1
167 0 731 0.0271080018538 n1e0
167 0 732 0.972891998146 n1e0
167 1 731 0.0829973093045 n1e1
167 1 733 0.917002690696 n1e1
168 0 734 0.0905607419732 n1e0
168 0 735 0.909439258027 n1e0
168 1 734 0.0201860687192 n1e1
168 1 736 0.979813931281 n1e1
169 0 737 0.0905607419732 n1e0
169 0 738 0.909439258027 n1e0
169 1 737 0.0201860687192 n1e1
169 1 739 0.979813931281 n1e1
170 0 741 0.0301643303317 n1e0
170 0 742 0.969835669668 n1e0
170 1 741 0.0934503965946 n1e1
170 1 743 0.906549603405 n1e1
171 0 744 0.0301643303317 n1e0
171 0 745 0.969835669668 n1e0
171 1 744 0.0934503965946 n1e1
171 1 746 0.906549603405 n1e1
172 0 747 0.0680538112764 n1e0
172 0 748 0.931946188724 n1e0
172 1 747 0.0995606911598 n1e1
172 1 749 0.90043930884 n1e1
173 0 750 0.0680538112764 n1e0
173 0 751 0.931946188724 n1e0
173 1 750 0.0995606911598 n1e1
173 1 752 0.90043930884 n1e1
174 0 753 0.0448883985194 n1e0
174 0 754 0.955111601481 n1e0
174 1 753 0.000287774152653 n1e1
174 1 755 0.999712225847 n1e1
175 0 756 0.0448883985194 n1e0
175 0 757 0.955111601481 n1e0
175 1 756 0.000287774152653 n1e1
175 1 758 0.999712225847 n1e1
176 0 759 0.0843455650147 n1e0
176 0 760 0.915654434985 n1e0
176 1 759 0.0444044917845 n1e1
176 1 761 0.955595508215 n1e1
177 0 762 0.0843455650147 n1e0
177 0 763 0.915654434985 n1e0
177 1 762 0.0444044917845 n1e1
177 1 764 0.955595508215 n1e1
178 0 765 0.0223835167671 n1e0
178 0 766 0.977616483233 n1e0
178 1 765 0.0914038665788 n1e1
178 1 767 0.908596133421 n1e1
179 0 768 0.0223835167671 n1e0
179 0 769 0.977616483233 n1e0
179 1 768 0.0914038665788 n1e1
179 1 770 0.908596133421 n1e1
180 0 771 0.0108158624395 n1e0
180 0 772 0.98918413756 n1e0
180 1 771 0.0889692300101 n1e1
180 1 773 0.91103076999 n1e1
181 0 774 0.0108158624395 n1e0
181 0 775 0.98918413756 n1e0
181 1 774 0.0889692300101 n1e1
181 1 776 0.91103076999 n1e1
182 0 777 0.0586518379872 n1e0
182 0 778 0.941348162013 n1e0
182 1 777 0.00802906489288 n1e1
182 1 779 0.991970935107 n1e1
183 0 780 0.0586518379872 n1e0
183 0 781 0.941348162013 n1e0
183 1 780 0.00802906489288 n1e1
183 1 782 0.991970935107 n1e1
184 0 783 0.0409241688911 n1e0
184 0 784 0.959075831109 n1e0
184 1 783 0.0564258191424 n1e1
184 1 785 0.943574180858 n1e1
185 0 786 0.0409241688911 n1e0
185 0 787 0.959075831109 n1e0
185 1 786 0.0564258191424 n1e1
185 1 788 0.943574180858 n1e1
186 0 789 0.0271080018538 n1e0
186 0 790 0.972891998146 n1e0
186 1 789 0.0829973093045 n1e1
186 1 791 0.917002690696 n1e1
187 0 792 0.0271080018538 n1e0
187 0 793 0.972891998146 n1e0
187 1 792 0.0829973093045 n1e1
187 1 794 0.917002690696 n1e1
188 0 795 0.0905607419732 n1e0
188 0 796 0.909439258027 n1e0
188 1 795 0.0201860687192 n1e1
188 1 797 0.979813931281 n1e1
189 0 798 0.0905607419732 n1e0
189 0 799 0.909439258027 n1e0
189 1 798 0.0201860687192 n1e1
189 1 800 0.979813931281 n1e1
190 0 802 0.0301643303317 n1e0
190 0 803 0.969835669668 n1e0
190 1 802 0.0934503965946 n1e1
190 1 804 0.906549603405 n1e1
191 0 805 0.0301643303317 n1e0
191 0 806 0.969835669668 n1e0
191 1 805 0.0934503965946 n1e1
191 1 807 0.906549603405 n1e1
192 0 808 0.0680538112764 n1e0
192 0 809 0.931946188724 n1e0
192 1 808 0.0995606911598 n1e1
192 1 810 0.90043930884 n1e1
193 0 811 0.0680538112764 n1e0
193 0 812 0.931946188724 n1e0
193 1 811 0.0995606911598 n1e1
193 1 813 0.90043930884 n1e1
194 0 814 0.0448883985194 n1e0
194 0 815 0.955111601481 n1e0
194 1 814 0.000287774152653 n1e1
194 1 816 0.999712225847 n1e1
195 0 817 0.0448883985194 n1e0
195 0 818 0.955111601481 n1e0
195 1 817 0.000287774152653 n1e1
195 1 819 0.999712225847 n1e1
196 0 820 0.0843455650147 n1e0
196 0 821 0.915654434985 n1e0
196 1 820 0.0444044917845 n1e1
196 1 822 0.955595508215 n1e1
197 0 823 0.0843455650147 n1e0
197 0 824 0.915654434985 n1e0
197 1 823 0.0444044917845 n1e1
197 1 825 0.955595508215 n1e1
198 0 826 0.0223835167671 n1e0
198 0 827 0.977616483233 n1e0
198 1 826 0.0914038665788 n1e1
198 1 828 0.908596133421 n1e1
199 0 829 0.0223835167671 n1e0
199 0 830 0.977616483233 n1e0
199 1 829 0.0914038665788 n1e1
199 1 831 0.908596133421 n1e1
200 0 832 0.0108158624395 n1e0
200 0 833 0.98918413756 n1e0
200 1 832 0.0889692300101 n1e1
200 1 834 0.91103076999 n1e1
201 0 835 0.0108158624395 n1e0
201 0 836 0.98918413756 n1e0
201 1 835 0.0889692300101 n1e1
201 1 837 0.91103076999 n1e1
202 0 838 0.0586518379872 n1e0
202 0 839 0.941348162013 n1e0
202 1 838 0.00802906489288 n1e1
202 1 840 0.991970935107 n1e1
203 0 841 0.0586518379872 n1e0
203 0 842 0.941348162013 n1e0
203 1 841 0.00802906489288 n1e1
203 1 843 0.991970935107 n1e1
204 0 844 0.0409241688911 n1e0
204 0 845 0.959075831109 n1e0
204 1 844 0.0564258191424 n1e1
204 1 846 0.943574180858 n1e1
205 0 847 0.0409241688911 n1e0
205 0 848 0.959075831109 n1e0
205 1 847 0.0564258191424 n1e1
205 1 849 0.943574180858 n1e1
206 0 850 0.0271080018538 n1e0
206 0 851 0.972891998146 n1e0
206 1 850 0.0829973093045 n1e1
206 1 852 0.917002690696 n1e1
207 0 853 0.0271080018538 n1e0
207 0 854 0.972891998146 n1e0
207 1 853 0.0829973093045 n1e1
207 1 855 0.917002690696 n1e1
208 0 856 0.0905607419732 n1e0
208 0 857 0.909439258027 n1e0
208 1 856 0.0201860687192 n1e1
208 1 858 0.979813931281 n1e1
209 0 859 0.0905607419732 n1e0
209 0 860 0.909439258027 n1e0
209 1 859 0.0201860687192 n1e1
209 1 861 0.979813931281 n1e1
210 0 0 1 n0r0
210 1 1 1 n0r1
210 2 2 1 n0r2
210 3 3 1 n0r3
210 4 4 1 n0r4
210 5 5 1 n0r5
210 6 6 1 n0r6
210 7 7 1 n0r7
210 8 8 1 n0r8
210 9 9 1 n0r9
211 0 10 1 n1r0
211 1 12 1 n1r1
211 2 14 1 n1r2
211 3 16 1 n1r3
211 4 18 1 n1r4
211 5 20 1 n1r5
211 6 22 1 n1r6
211 7 24 1 n1r7
211 8 26 1 n1r8
211 9 28 1 n1r9
212 0 11 1 n1r0
212 1 13 1 n1r1
212 2 15 1 n1r2
212 3 17 1 n1r3
212 4 19 1 n1r4
212 5 21 1 n1r5
212 6 23 1 n1r6
212 7 25 1 n1r7
212 8 27 1 n1r8
212 9 29 1 n1r9
213 0 30 1 n1r0
213 1 32 1 n1r1
213 2 34 1 n1r2
213 3 36 1 n1r3
213 4 38 1 n1r4
213 5 40 1 n1r5
213 6 42 1 n1r6
213 7 44 1 n1r7
213 8 46 1 n1r8
213 9 48 1 n1r9
214 0 31 1 n1r0
214 1 33 1 n1r1
214 2 35 1 n1r2
214 3 37 1 n1r3
214 4 39 1 n1r4
214 5 41 1 n1r5
214 6 43 1 n1r6
214 7 45 1 n1r7
214 8 47 1 n1r8
214 9 49 1 n1r9
215 0 50 1 n1r0
215 1 52 1 n1r1
215 2 54 1 n1r2
215 3 56 1 n1r3
215 4 58 1 n1r4
215 5 60 1 n1r5
215 6 62 1 n1r6
215 7 64 1 n1r7
215 8 66 1 n1r8
215 9 68 1 n1r9
216 0 51 1 n1r0
216 1 53 1 n1r1
216 2 55 1 n1r2
216 3 57 1 n1r3
216 4 59 1 n1r4
216 5 61 1 n1r5
216 6 63 1 n1r6
216 7 65 1 n1r7
216 8 67 1 n1r8
216 9 69 1 n1r9
217 0 70 1 n1r0
217 1 72 1 n1r1
217 2 74 1 n1r2
217 3 76 1 n1r3
217 4 78 1 n1r4
217 5 80 1 n1r5
217 6 82 1 n1r6
217 7 84 1 n1r7
217 8 86 1 n1r8
217 9 88 1 n1r9
218 0 71 1 n1r0
218 1 73 1 n1r1
218 2 75 1 n1r2
218 3 77 1 n1r3
218 4 79 1 n1r4
218 5 81 1 n1r5
218 6 83 1 n1r6
218 7 85 1 n1r7
218 8 87 1 n1r8
218 9 89 1 n1r9
219 0 90 1 n1r0
219 1 92 1 n1r1
219 2 94 1 n1r2
219 3 96 1 n1r3
219 4 98 1 n1r4
219 5 100 1 n1r5
219 6 102 1 n1r6
219 7 104 1 n1r7
219 8 106 1 n1r8
219 9 108 1 n1r9
220 0 91 1 n1r0
220 1 93 1 n1r1
220 2 95 1 n1r2
220 3 97 1 n1r3
220 4 99 1 n1r4
220 5 101 1 n1r5
220 6 103 1 n1r6
220 7 105 1 n1r7
220 8 107 1 n1r8
220 9 109 1 n1r9
221 0 110 1 n1r0
221 1 112 1 n1r1
221 2 114 1 n1r2
221 3 116 1 n1r3
221 4 118 1 n1r4
221 5 120 1 n1r5
221 6 122 1 n1r6
221 7 124 1 n1r7
221 8 126 1 n1r8
221 9 128 1 n1r9
222 0 111 1 n1r0
222 1 113 1 n1r1
222 2 115 1 n1r2
222 3 117 1 n1r3
222 4 119 1 n1r4
222 5 121 1 n1r5
222 6 123 1 n1r6
222 7 125 1 n1r7
222 8 127 1 n1r8
222 9 129 1 n1r9
223 0 130 1 n1r0
223 1 132 1 n1r1
223 2 134 1 n1r2
223 3 136 1 n1r3
223 4 138 1 n1r4
223 5 140 1 n1r5
223 6 142 1 n1r6
223 7 144 1 n1r7
223 8 146 1 n1r8
223 9 148 1 n1r9
224 0 131 1 n1r0
224 1 133 1 n1r1
224 2 135 1 n1r2
224 3 137 1 n1r3
224 4 139 1 n1r4
224 5 141 1 n1r5
224 6 143 1 n1r6
224 7 145 1 n1r7
224 8 147 1 n1r8
224 9 149 1 n1r9
225 0 150 1 n1r0
225 1 152 1 n1r1
225 2 154 1 n1r2
225 3 156 1 n1r3
225 4 158 1 n1r4
225 5 160 1 n1r5
225 6 162 1 n1r6
225 7 164 1 n1r7
225 8 166 1 n1r8
225 9 168 1 n1r9
226 0 151 1 n1r0
226 1 153 1 n1r1
226 2 155 1 n1r2
226 3 157 1 n1r3
226 4 159 1 n1r4
226 5 161 1 n1r5
226 6 163 1 n1r6
226 7 165 1 n1r7
226 8 167 1 n1r8
226 9 169 1 n1r9
227 0 170 1 n1r0
227 1 172 1 n1r1
227 2 174 1 n1r2
227 3 176 1 n1r3
227 4 178 1 n1r4
227 5 180 1 n1r5
227 6 182 1 n1r6
227 7 184 1 n1r7
227 8 186 1 n1r8
227 9 188 1 n1r9
228 0 171 1 n1r0
228 1 173 1 n1r1
228 2 175 1 n1r2
228 3 177 1 n1r3
228 4 179 1 n1r4
228 5 181 1 n1r5
228 6 183 1 n1r6
228 7 185 1 n1r7
228 8 187 1 n1r8
228 9 189 1 n1r9
229 0 190 1 n1r0
229 1 192 1 n1r1
229 2 194 1 n1r2
229 3 196 1 n1r3
229 4 198 1 n1r4
229 5 200 1 n1r5
229 6 202 1 n1r6
229 7 204 1 n1r7
229 8 206 1 n1r8
229 9 208 1 n1r9
230 0 191 1 n1r0
230 1 193 1 n1r1
230 2 195 1 n1r2
230 3 197 1 n1r3
230 4 199 1 n1r4
230 5 201 1 n1r5
230 6 203 1 n1r6
230 7 205 1 n1r7
230 8 207 1 n1r8
230 9 209 1 n1r9
231 0 210 1 be
232 0 211 1 be
233 0 212 1 be
234 0 213 1 be
235 0 214 1 be
236 0 215 1 be
237 0 216 1 be
238 0 217 1 be
239 0 218 1 be
240 0 219 1 be
241 0 220 1 be
242 0 221 1 be
243 0 222 1 be
244 0 223 1 be
245 0 224 1 be
246 0 225 1 be
247 0 226 1 be
248 0 227 1 be
249 0 228 1 be
250 0 229 1 be
251 0 230 1 be
252 0 862 1 end
253 0 863 1 end
254 0 864 1 end
255 0 865 1 end
256 0 866 1 end
257 0 867 1 end
258 0 868 1 end
259 0 869 1 end
260 0 870 1 end
261 0 871 1 end
262 0 872 1 end
263 0 873 1 end
264 0 874 1 end
265 0 875 1 end
266 0 876 1 end
267 0 877 1 end
268 0 878 1 end
269 0 879 1 end
270 0 880 1 end
271 0 881 1 end
272 0 882 1 end
273 0 883 1 end
274 0 884 1 end
275 0 885 1 end
276 0 886 1 end
277 0 887 1 end
278 0 888 1 end
279 0 889 1 end
280 0 890 1 end
281 0 891 1 end
282 0 892 1 end
283 0 893 1 end
284 0 894 1 end
285 0 895 1 end
286 0 896 1 end
287 0 897 1 end
288 0 898 1 end
289 0 899 1 end
290 0 900 1 end
291 0 901 1 end
292 0 902 1 end
293 0 903 1 end
294 0 904 1 end
295 0 905 1 end
296 0 906 1 end
297 0 907 1 end
298 0 908 1 end
299 0 909 1 end
300 0 910 1 end
301 0 911 1 end
302 0 912 1 end
303 0 913 1 end
304 0 914 1 end
305 0 915 1 end
306 0 916 1 end
307 0 917 1 end
308 0 918 1 end
309 0 919 1 end
310 0 920 1 end
311 0 921 1 end
312 0 922 1 end
313 0 923 1 end
314 0 924 1 end
315 0 925 1 end
316 0 926 1 end
317 0 927 1 end
318 0 928 1 end
319 0 929 1 end
320 0 930 1 end
321 0 931 1 end
322 0 932 1 end
323 0 933 1 end
324 0 934 1 end
325 0 935 1 end
326 0 936 1 end
327 0 937 1 end
328 0 938 1 end
329 0 939 1 end
330 0 940 1 end
331 0 941 1 end
332 0 942 1 end
333 0 943 1 end
334 0 944 1 end
335 0 945 1 end
336 0 946 1 end
337 0 947 1 end
338 0 948 1 end
339 0 949 1 end
340 0 950 1 end
341 0 951 1 end
342 0 952 1 end
343 0 953 1 end
344 0 954 1 end
345 0 955 1 end
346 0 956 1 end
347 0 957 1 end
348 0 958 1 end
349 0 959 1 end
350 0 960 1 end
351 0 961 1 end
352 0 962 1 end
353 0 963 1 end
354 0 964 1 end
355 0 965 1 end
356 0 966 1 end
357 0 967 1 end
358 0 968 1 end
359 0 969 1 end
360 0 970 1 end
361 0 971 1 end
362 0 972 1 end
363 0 973 1 end
364 0 974 1 end
365 0 975 1 end
366 0 976 1 end
367 0 977 1 end
368 0 978 1 end
369 0 979 1 end
370 0 980 1 end
371 0 981 1 end
372 0 982 1 end
373 0 983 1 end
374 0 984 1 end
375 0 985 1 end
376 0 986 1 end
377 0 987 1 end
378 0 988 1 end
379 0 989 1 end
380 0 990 1 end
381 0 991 1 end
382 0 992 1 end
383 0 993 1 end
384 0 994 1 end
385 0 995 1 end
386 0 996 1 end
387 0 997 1 end
388 0 998 1 end
389 0 999 1 end
390 0 1000 1 end
391 0 1001 1 end
392 0 1002 1 end
393 0 1003 1 end
394 0 1004 1 end
395 0 1005 1 end
396 0 1006 1 end
397 0 1007 1 end
398 0 1008 1 end
399 0 1009 1 end
400 0 1010 1 end
401 0 1011 1 end
402 0 1012 1 end
403 0 1013 1 end
404 0 1014 1 end
405 0 1015 1 end
406 0 1016 1 end
407 0 1017 1 end
408 0 1018 1 end
409 0 1019 1 end
410 0 1020 1 end
411 0 1021 1 end
412 0 1022 1 end
413 0 1023 1 end
414 0 1024 1 end
415 0 1025 1 end
416 0 1026 1 end
417 0 1027 1 end
418 0 1028 1 end
419 0 1029 1 end
420 0 1030 1 end
421 0 1031 1 end
422 0 1032 1 end
423 0 1033 1 end
424 0 1034 1 end
425 0 1035 1 end
426 0 1036 1 end
427 0 1037 1 end
428 0 1038 1 end
429 0 1039 1 end
430 0 1040 1 end
431 0 1041 1 end
432 0 1042 1 end
433 0 1043 1 end
434 0 1044 1 end
435 0 1045 1 end
436 0 1046 1 end
437 0 1047 1 end
438 0 1048 1 end
439 0 1049 1 end
440 0 1050 1 end
441 0 1051 1 end
442 0 1052 1 end
443 0 1053 1 end
444 0 1054 1 end
445 0 1055 1 end
446 0 1056 1 end
447 0 1057 1 end
448 0 1058 1 end
449 0 1059 1 end
450 0 1060 1 end
451 0 1061 1 end
452 0 1062 1 end
453 0 1063 1 end
454 0 1064 1 end
455 0 1065 1 end
456 0 1066 1 end
457 0 1067 1 end
458 0 1068 1 end
459 0 1069 1 end
460 0 1070 1 end
461 0 1071 1 end
462 0 1072 1 end
463 0 1073 1 end
464 0 1074 1 end
465 0 1075 1 end
466 0 1076 1 end
467 0 1077 1 end
468 0 1078 1 end
469 0 1079 1 end
470 0 1080 1 end
471 0 1081 1 end
472 0 1082 1 end
473 0 1083 1 end
474 0 1084 1 end
475 0 1085 1 end
476 0 1086 1 end
477 0 1087 1 end
478 0 1088 1 end
479 0 1089 1 end
480 0 1090 1 end
481 0 1091 1 end
482 0 1092 1 end
483 0 1093 1 end
484 0 1094 1 end
485 0 1095 1 end
486 0 1096 1 end
487 0 1097 1 end
488 0 1098 1 end
489 0 1099 1 end
490 0 1100 1 end
491 0 1101 1 end
492 0 1102 1 end
493 0 1103 1 end
494 0 1104 1 end
495 0 1105 1 end
496 0 1106 1 end
497 0 1107 1 end
498 0 1108 1 end
499 0 1109 1 end
500 0 1110 1 end
501 0 1111 1 end
502 0 1112 1 end
503 0 1113 1 end
504 0 1114 1 end
505 0 1115 1 end
506 0 1116 1 end
507 0 1117 1 end
508 0 1118 1 end
509 0 1119 1 end
510 0 1120 1 end
511 0 1121 1 end
512 0 1122 1 end
513 0 1123 1 end
514 0 1124 1 end
515 0 1125 1 end
516 0 1126 1 end
517 0 1127 1 end
518 0 1128 1 end
519 0 1129 1 end
520 0 1130 1 end
521 0 1131 1 end
522 0 1132 1 end
523 0 1133 1 end
524 0 1134 1 end
525 0 1135 1 end
526 0 1136 1 end
527 0 1137 1 end
528 0 1138 1 end
529 0 1139 1 end
530 0 1140 1 end
531 0 1141 1 end
532 0 1142 1 end
533 0 1143 1 end
534 0 1144 1 end
535 0 1145 1 end
536 0 1146 1 end
537 0 1147 1 end
538 0 1148 1 end
539 0 1149 1 end
540 0 1150 1 end
541 0 1151 1 end
542 0 1152 1 end
543 0 1153 1 end
544 0 1154 1 end
545 0 1155 1 end
546 0 1156 1 end
547 0 1157 1 end
548 0 1158 1 end
549 0 1159 1 end
550 0 1160 1 end
551 0 1161 1 end
552 0 1162 1 end
553 0 1163 1 end
554 0 1164 1 end
555 0 1165 1 end
556 0 1166 1 end
557 0 1167 1 end
558 0 1168 1 end
559 0 1169 1 end
560 0 1170 1 end
561 0 1171 1 end
562 0 1172 1 end
563 0 1173 1 end
564 0 1174 1 end
565 0 1175 1 end
566 0 1176 1 end
567 0 1177 1 end
568 0 1178 1 end
569 0 1179 1 end
570 0 1180 1 end
571 0 1181 1 end
572 0 1182 1 end
573 0 1183 1 end
574 0 1184 1 end
575 0 1185 1 end
576 0 1186 1 end
577 0 1187 1 end
578 0 1188 1 end
579 0 1189 1 end
580 0 1190 1 end
581 0 1191 1 end
582 0 1192 1 end
583 0 1193 1 end
584 0 1194 1 end
585 0 1195 1 end
586 0 1196 1 end
587 0 1197 1 end
588 0 1198 1 end
589 0 1199 1 end
590 0 1200 1 end
591 0 1201 1 end
592 0 1202 1 end
593 0 1203 1 end
594 0 1204 1 end
595 0 1205 1 end
596 0 1206 1 end
597 0 1207 1 end
598 0 1208 1 end
599 0 1209 1 end
600 0 1210 1 end
601 0 1211 1 end
602 0 1212 1 end
603 0 1213 1 end
604 0 1214 1 end
605 0 1215 1 end
606 0 1216 1 end
607 0 1217 1 end
608 0 1218 1 end
609 0 1219 1 end
610 0 1220 1 end
611 0 1221 1 end
612 0 1222 1 end
613 0 1223 1 end
614 0 1224 1 end
615 0 1225 1 end
616 0 1226 1 end
617 0 1227 1 end
618 0 1228 1 end
619 0 1229 1 end
620 0 1230 1 end
621 0 1231 1 end
622 0 1232 1 end
623 0 1233 1 end
624 0 1234 1 end
625 0 1235 1 end
626 0 1236 1 end
627 0 1237 1 end
628 0 1238 1 end
629 0 1239 1 end
630 0 1240 1 end
631 0 1241 1 end
632 0 1242 1 end
633 0 1243 1 end
634 0 1244 1 end
635 0 1245 1 end
636 0 1246 1 end
637 0 1247 1 end
638 0 1248 1 end
639 0 1249 1 end
640 0 1250 1 end
641 0 1251 1 end
642 0 1252 1 end
643 0 1253 1 end
644 0 1254 1 end
645 0 1255 1 end
646 0 1256 1 end
647 0 1257 1 end
648 0 1258 1 end
649 0 1259 1 end
650 0 1260 1 end
651 0 1261 1 end
652 0 1262 1 end
653 0 1263 1 end
654 0 1264 1 end
655 0 1265 1 end
656 0 1266 1 end
657 0 1267 1 end
658 0 1268 1 end
659 0 1269 1 end
660 0 1270 1 end
661 0 1271 1 end
662 0 1272 1 end
663 0 1273 1 end
664 0 1274 1 end
665 0 1275 1 end
666 0 1276 1 end
667 0 1277 1 end
668 0 1278 1 end
669 0 1279 1 end
670 0 1280 1 end
671 0 1281 1 end
672 0 1282 1 end
673 0 1283 1 end
674 0 1284 1 end
675 0 1285 1 end
676 0 1286 1 end
677 0 1287 1 end
678 0 1288 1 end
679 0 1289 1 end
680 0 1290 1 end
681 0 1291 1 end
682 0 1292 1 end
683 0 1293 1 end
684 0 1294 1 end
685 0 1295 1 end
686 0 1296 1 end
687 0 1297 1 end
688 0 1298 1 end
689 0 1299 1 end
690 0 1300 1 end
691 0 1301 1 end
692 0 1302 1 end
693 0 1303 1 end
694 0 1304 1 end
695 0 1305 1 end
696 0 1306 1 end
697 0 1307 1 end
698 0 1308 1 end
699 0 1309 1 end
700 0 1310 1 end
701 0 1311 1 end
702 0 1312 1 end
703 0 1313 1 end
704 0 1314 1 end
705 0 1315 1 end
706 0 1316 1 end
707 0 1317 1 end
708 0 1318 1 end
709 0 1319 1 end
710 0 1320 1 end
711 0 1321 1 end
712 0 1322 1 end
713 0 1323 1 end
714 0 1324 1 end
715 0 1325 1 end
716 0 1326 1 end
717 0 1327 1 end
718 0 1328 1 end
719 0 1329 1 end
720 0 1330 1 end
721 0 1331 1 end
722 0 1332 1 end
723 0 1333 1 end
724 0 1334 1 end
725 0 1335 1 end
726 0 1336 1 end
727 0 1337 1 end
728 0 1338 1 end
729 0 1339 1 end
730 0 1340 1 end
731 0 1341 1 end
732 0 1342 1 end
733 0 1343 1 end
734 0 1344 1 end
735 0 1345 1 end
736 0 1346 1 end
737 0 1347 1 end
738 0 1348 1 end
739 0 1349 1 end
740 0 1350 1 end
741 0 1351 1 end
742 0 1352 1 end
743 0 1353 1 end
744 0 1354 1 end
745 0 1355 1 end
746 0 1356 1 end
747 0 1357 1 end
748 0 1358 1 end
749 0 1359 1 end
750 0 1360 1 end
751 0 1361 1 end
752 0 1362 1 end
753 0 1363 1 end
754 0 1364 1 end
755 0 1365 1 end
756 0 1366 1 end
757 0 1367 1 end
758 0 1368 1 end
759 0 1369 1 end
760 0 1370 1 end
761 0 1371 1 end
762 0 1372 1 end
763 0 1373 1 end
764 0 1374 1 end
765 0 1375 1 end
766 0 1376 1 end
767 0 1377 1 end
768 0 1378 1 end
769 0 1379 1 end
770 0 1380 1 end
771 0 1381 1 end
772 0 1382 1 end
773 0 1383 1 end
774 0 1384 1 end
775 0 1385 1 end
776 0 1386 1 end
777 0 1387 1 end
778 0 1388 1 end
779 0 1389 1 end
780 0 1390 1 end
781 0 1391 1 end
782 0 1392 1 end
783 0 1393 1 end
784 0 1394 1 end
785 0 1395 1 end
786 0 1396 1 end
787 0 1397 1 end
788 0 1398 1 end
789 0 1399 1 end
790 0 1400 1 end
791 0 1401 1 end
792 0 1402 1 end
793 0 1403 1 end
794 0 1404 1 end
795 0 1405 1 end
796 0 1406 1 end
797 0 1407 1 end
798 0 1408 1 end
799 0 1409 1 end
800 0 1410 1 end
801 0 1411 1 end
802 0 1412 1 end
803 0 1413 1 end
804 0 1414 1 end
805 0 1415 1 end
806 0 1416 1 end
807 0 1417 1 end
808 0 1418 1 end
809 0 1419 1 end
810 0 1420 1 end
811 0 1421 1 end
812 0 1422 1 end
813 0 1423 1 end
814 0 1424 1 end
815 0 1425 1 end
816 0 1426 1 end
817 0 1427 1 end
818 0 1428 1 end
819 0 1429 1 end
820 0 1430 1 end
821 0 1431 1 end
822 0 1432 1 end
823 0 1433 1 end
824 0 1434 1 end
825 0 1435 1 end
826 0 1436 1 end
827 0 1437 1 end
828 0 1438 1 end
829 0 1439 1 end
830 0 1440 1 end
831 0 1441 1 end
832 0 1442 1 end
833 0 1443 1 end
834 0 1444 1 end
835 0 1445 1 end
836 0 1446 1 end
837 0 1447 1 end
838 0 1448 1 end
839 0 1449 1 end
840 0 1450 1 end
841 0 1451 1 end
842 0 1452 1 end
843 0 1453 1 end
844 0 1454 1 end
845 0 1455 1 end
846 0 1456 1 end
847 0 1457 1 end
848 0 1458 1 end
849 0 1459 1 end
850 0 1460 1 end
851 0 1461 1 end
852 0 1462 1 end
853 0 1463 1 end
854 0 1464 1 end
855 0 1465 1 end
856 0 1466 1 end
857 0 1467 1 end
858 0 1468 1 end
859 0 1469 1 end
860 0 1470 1 end
861 0 1471 1 end
862 0 862 1 ter
863 0 863 1 ter
864 0 864 1 ter
865 0 865 1 ter
866 0 866 1 ter
867 0 867 1 ter
868 0 868 1 ter
869 0 869 1 ter
870 0 870 1 ter
871 0 871 1 ter
872 0 872 1 ter
873 0 873 1 ter
874 0 874 1 ter
875 0 875 1 ter
876 0 876 1 ter
877 0 877 1 ter
878 0 878 1 ter
879 0 879 1 ter
880 0 880 1 ter
881 0 881 1 ter
882 0 882 1 ter
883 0 883 1 ter
884 0 884 1 ter
885 0 885 1 ter
886 0 886 1 ter
887 0 887 1 ter
888 0 888 1 ter
889 0 889 1 ter
890 0 890 1 ter
891 0 891 1 ter
892 0 892 1 ter
893 0 893 1 ter
894 0 894 1 ter
895 0 895 1 ter
896 0 896 1 ter
897 0 897 1 ter
898 0 898 1 ter
899 0 899 1 ter
900 0 900 1 ter
901 0 901 1 ter
902 0 902 1 ter
903 0 903 1 ter
904 0 904 1 ter
905 0 905 1 ter
906 0 906 1 ter
907 0 907 1 ter
908 0 908 1 ter
909 0 909 1 ter
910 0 910 1 ter
911 0 911 1 ter
912 0 912 1 ter
913 0 913 1 ter
914 0 914 1 ter
915 0 915 1 ter
916 0 916 1 ter
917 0 917 1 ter
918 0 918 1 ter
919 0 919 1 ter
920 0 920 1 ter
921 0 921 1 ter
922 0 922 1 ter
923 0 923 1 ter
924 0 924 1 ter
925 0 925 1 ter
926 0 926 1 ter
927 0 927 1 ter
928 0 928 1 ter
929 0 929 1 ter
930 0 930 1 ter
931 0 931 1 ter
932 0 932 1 ter
933 0 933 1 ter
934 0 934 1 ter
935 0 935 1 ter
936 0 936 1 ter
937 0 937 1 ter
938 0 938 1 ter
939 0 939 1 ter
940 0 940 1 ter
941 0 941 1 ter
942 0 942 1 ter
943 0 943 1 ter
944 0 944 1 ter
945 0 945 1 ter
946 0 946 1 ter
947 0 947 1 ter
948 0 948 1 ter
949 0 949 1 ter
950 0 950 1 ter
951 0 951 1 ter
952 0 952 1 ter
953 0 953 1 ter
954 0 954 1 ter
955 0 955 1 ter
956 0 956 1 ter
957 0 957 1 ter
958 0 958 1 ter
959 0 959 1 ter
960 0 960 1 ter
961 0 961 1 ter
962 0 962 1 ter
963 0 963 1 ter
964 0 964 1 ter
965 0 965 1 ter
966 0 966 1 ter
967 0 967 1 ter
968 0 968 1 ter
969 0 969 1 ter
970 0 970 1 ter
971 0 971 1 ter
972 0 972 1 ter
973 0 973 1 ter
974 0 974 1 ter
975 0 975 1 ter
976 0 976 1 ter
977 0 977 1 ter
978 0 978 1 ter
979 0 979 1 ter
980 0 980 1 ter
981 0 981 1 ter
982 0 982 1 ter
983 0 983 1 ter
984 0 984 1 ter
985 0 985 1 ter
986 0 986 1 ter
987 0 987 1 ter
988 0 988 1 ter
989 0 989 1 ter
990 0 990 1 ter
991 0 991 1 ter
992 0 992 1 ter
993 0 993 1 ter
994 0 994 1 ter
995 0 995 1 ter
996 0 996 1 ter
997 0 997 1 ter
998 0 998 1 ter
999 0 999 1 ter
1000 0 1000 1 ter
1001 0 1001 1 ter
1002 0 1002 1 ter
1003 0 1003 1 ter
1004 0 1004 1 ter
1005 0 1005 1 ter
1006 0 1006 1 ter
1007 0 1007 1 ter
1008 0 1008 1 ter
1009 0 1009 1 ter
1010 0 1010 1 ter
1011 0 1011 1 ter
1012 0 1012 1 ter
1013 0 1013 1 ter
1014 0 1014 1 ter
1015 0 1015 1 ter
1016 0 1016 1 ter
1017 0 1017 1 ter
1018 0 1018 1 ter
1019 0 1019 1 ter
1020 0 1020 1 ter
1021 0 1021 1 ter
1022 0 1022 1 ter
1023 0 1023 1 ter
1024 0 1024 1 ter
1025 0 1025 1 ter
1026 0 1026 1 ter
1027 0 1027 1 ter
1028 0 1028 1 ter
1029 0 1029 1 ter
1030 0 1030 1 ter
1031 0 1031 1 ter
1032 0 1032 1 ter
1033 0 1033 1 ter
1034 0 1034 1 ter
1035 0 1035 1 ter
1036 0 1036 1 ter
1037 0 1037 1 ter
1038 0 1038 1 ter
1039 0 1039 1 ter
1040 0 1040 1 ter
1041 0 1041 1 ter
1042 0 1042 1 ter
1043 0 1043 1 ter
1044 0 1044 1 ter
1045 0 1045 1 ter
1046 0 1046 1 ter
1047 0 1047 1 ter
1048 0 1048 1 ter
1049 0 1049 1 ter
1050 0 1050 1 ter
1051 0 1051 1 ter
1052 0 1052 1 ter
1053 0 1053 1 ter
1054 0 1054 1 ter
1055 0 1055 1 ter
1056 0 1056 1 ter
1057 0 1057 1 ter
1058 0 1058 1 ter
1059 0 1059 1 ter
1060 0 1060 1 ter
1061 0 1061 1 ter
1062 0 1062 1 ter
1063 0 1063 1 ter
1064 0 1064 1 ter
1065 0 1065 1 ter
1066 0 1066 1 ter
1067 0 1067 1 ter
1068 0 1068 1 ter
1069 0 1069 1 ter
1070 0 1070 1 ter
1071 0 1071 1 ter
1072 0 1072 1 ter
1073 0 1073 1 ter
1074 0 1074 1 ter
1075 0 1075 1 ter
1076 0 1076 1 ter
1077 0 1077 1 ter
1078 0 1078 1 ter
1079 0 1079 1 ter
1080 0 1080 1 ter
1081 0 1081 1 ter
1082 0 1082 1 ter
1083 0 1083 1 ter
1084 0 1084 1 ter
1085 0 1085 1 ter
1086 0 1086 1 ter
1087 0 1087 1 ter
1088 0 1088 1 ter
1089 0 1089 1 ter
1090 0 1090 1 ter
1091 0 1091 1 ter
1092 0 1092 1 ter
1093 0 1093 1 ter
1094 0 1094 1 ter
1095 0 1095 1 ter
1096 0 1096 1 ter
1097 0 1097 1 ter
1098 0 1098 1 ter
1099 0 1099 1 ter
1100 0 1100 1 ter
1101 0 1101 1 ter
1102 0 1102 1 ter
1103 0 1103 1 ter
1104 0 1104 1 ter
1105 0 1105 1 ter
1106 0 1106 1 ter
1107 0 1107 1 ter
1108 0 1108 1 ter
1109 0 1109 1 ter
1110 0 1110 1 ter
1111 0 1111 1 ter
1112 0 1112 1 ter
1113 0 1113 1 ter
1114 0 1114 1 ter
1115 0 1115 1 ter
1116 0 1116 1 ter
1117 0 1117 1 ter
1118 0 1118 1 ter
1119 0 1119 1 ter
1120 0 1120 1 ter
1121 0 1121 1 ter
1122 0 1122 1 ter
1123 0 1123 1 ter
1124 0 1124 1 ter
1125 0 1125 1 ter
1126 0 1126 1 ter
1127 0 1127 1 ter
1128 0 1128 1 ter
1129 0 1129 1 ter
1130 0 1130 1 ter
1131 0 1131 1 ter
1132 0 1132 1 ter
1133 0 1133 1 ter
1134 0 1134 1 ter
1135 0 1135 1 ter
1136 0 1136 1 ter
1137 0 1137 1 ter
1138 0 1138 1 ter
1139 0 1139 1 ter
1140 0 1140 1 ter
1141 0 1141 1 ter
1142 0 1142 1 ter
1143 0 1143 1 ter
1144 0 1144 1 ter
1145 0 1145 1 ter
1146 0 1146 1 ter
1147 0 1147 1 ter
1148 0 1148 1 ter
1149 0 1149 1 ter
1150 0 1150 1 ter
1151 0 1151 1 ter
1152 0 1152 1 ter
1153 0 1153 1 ter
1154 0 1154 1 ter
1155 0 1155 1 ter
1156 0 1156 1 ter
1157 0 1157 1 ter
1158 0 1158 1 ter
1159 0 1159 1 ter
1160 0 1160 1 ter
1161 0 1161 1 ter
1162 0 1162 1 ter
1163 0 1163 1 ter
1164 0 1164 1 ter
1165 0 1165 1 ter
1166 0 1166 1 ter
1167 0 1167 1 ter
1168 0 1168 1 ter
1169 0 1169 1 ter
1170 0 1170 1 ter
1171 0 1171 1 ter
1172 0 1172 1 ter
1173 0 1173 1 ter
1174 0 1174 1 ter
1175 0 1175 1 ter
1176 0 1176 1 ter
1177 0 1177 1 ter
1178 0 1178 1 ter
1179 0 1179 1 ter
1180 0 1180 1 ter
1181 0 1181 1 ter
1182 0 1182 1 ter
1183 0 1183 1 ter
1184 0 1184 1 ter
1185 0 1185 1 ter
1186 0 1186 1 ter
1187 0 1187 1 ter
1188 0 1188 1 ter
1189 0 1189 1 ter
1190 0 1190 1 ter
1191 0 1191 1 ter
1192 0 1192 1 ter
1193 0 1193 1 ter
1194 0 1194 1 ter
1195 0 1195 1 ter
1196 0 1196 1 ter
1197 0 1197 1 ter
1198 0 1198 1 ter
1199 0 1199 1 ter
1200 0 1200 1 ter
1201 0 1201 1 ter
1202 0 1202 1 ter
1203 0 1203 1 ter
1204 0 1204 1 ter
1205 0 1205 1 ter
1206 0 1206 1 ter
1207 0 1207 1 ter
1208 0 1208 1 ter
1209 0 1209 1 ter
1210 0 1210 1 ter
1211 0 1211 1 ter
1212 0 1212 1 ter
1213 0 1213 1 ter
1214 0 1214 1 ter
1215 0 1215 1 ter
1216 0 1216 1 ter
1217 0 1217 1 ter
1218 0 1218 1 ter
1219 0 1219 1 ter
1220 0 1220 1 ter
1221 0 1221 1 ter
1222 0 1222 1 ter
1223 0 1223 1 ter
1224 0 1224 1 ter
1225 0 1225 1 ter
1226 0 1226 1 ter
1227 0 1227 1 ter
1228 0 1228 1 ter
1229 0 1229 1 ter
1230 0 1230 1 ter
1231 0 1231 1 ter
1232 0 1232 1 ter
1233 0 1233 1 ter
1234 0 1234 1 ter
1235 0 1235 1 ter
1236 0 1236 1 ter
1237 0 1237 1 ter
1238 0 1238 1 ter
1239 0 1239 1 ter
1240 0 1240 1 ter
1241 0 1241 1 ter
1242 0 1242 1 ter
1243 0 1243 1 ter
1244 0 1244 1 ter
1245 0 1245 1 ter
1246 0 1246 1 ter
1247 0 1247 1 ter
1248 0 1248 1 ter
1249 0 1249 1 ter
1250 0 1250 1 ter
1251 0 1251 1 ter
1252 0 1252 1 ter
1253 0 1253 1 ter
1254 0 1254 1 ter
1255 0 1255 1 ter
1256 0 1256 1 ter
1257 0 1257 1 ter
1258 0 1258 1 ter
1259 0 1259 1 ter
1260 0 1260 1 ter
1261 0 1261 1 ter
1262 0 1262 1 ter
1263 0 1263 1 ter
1264 0 1264 1 ter
1265 0 1265 1 ter
1266 0 1266 1 ter
1267 0 1267 1 ter
1268 0 1268 1 ter
1269 0 1269 1 ter
1270 0 1270 1 ter
1271 0 1271 1 ter
1272 0 1272 1 ter
1273 0 1273 1 ter
1274 0 1274 1 ter
1275 0 1275 1 ter
1276 0 1276 1 ter
1277 0 1277 1 ter
1278 0 1278 1 ter
1279 0 1279 1 ter
1280 0 1280 1 ter
1281 0 1281 1 ter
1282 0 1282 1 ter
1283 0 1283 1 ter
1284 0 1284 1 ter
1285 0 1285 1 ter
1286 0 1286 1 ter
1287 0 1287 1 ter
1288 0 1288 1 ter
1289 0 1289 1 ter
1290 0 1290 1 ter
1291 0 1291 1 ter
1292 0 1292 1 ter
1293 0 1293 1 ter
1294 0 1294 1 ter
1295 0 1295 1 ter
1296 0 1296 1 ter
1297 0 1297 1 ter
1298 0 1298 1 ter
1299 0 1299 1 ter
1300 0 1300 1 ter
1301 0 1301 1 ter
1302 0 1302 1 ter
1303 0 1303 1 ter
1304 0 1304 1 ter
1305 0 1305 1 ter
1306 0 1306 1 ter
1307 0 1307 1 ter
1308 0 1308 1 ter
1309 0 1309 1 ter
1310 0 1310 1 ter
1311 0 1311 1 ter
1312 0 1312 1 ter
1313 0 1313 1 ter
1314 0 1314 1 ter
1315 0 1315 1 ter
1316 0 1316 1 ter
1317 0 1317 1 ter
1318 0 1318 1 ter
1319 0 1319 1 ter
1320 0 1320 1 ter
1321 0 1321 1 ter
1322 0 1322 1 ter
1323 0 1323 1 ter
1324 0 1324 1 ter
1325 0 1325 1 ter
1326 0 1326 1 ter
1327 0 1327 1 ter
1328 0 1328 1 ter
1329 0 1329 1 ter
1330 0 1330 1 ter
1331 0 1331 1 ter
1332 0 1332 1 ter
1333 0 1333 1 ter
1334 0 1334 1 ter
1335 0 1335 1 ter
1336 0 1336 1 ter
1337 0 1337 1 ter
1338 0 1338 1 ter
1339 0 1339 1 ter
1340 0 1340 1 ter
1341 0 1341 1 ter
1342 0 1342 1 ter
1343 0 1343 1 ter
1344 0 1344 1 ter
1345 0 1345 1 ter
1346 0 1346 1 ter
1347 0 1347 1 ter
1348 0 1348 1 ter
1349 0 1349 1 ter
1350 0 1350 1 ter
1351 0 1351 1 ter
1352 0 1352 1 ter
1353 0 1353 1 ter
1354 0 1354 1 ter
1355 0 1355 1 ter
1356 0 1356 1 ter
1357 0 1357 1 ter
1358 0 1358 1 ter
1359 0 1359 1 ter
1360 0 1360 1 ter
1361 0 1361 1 ter
1362 0 1362 1 ter
1363 0 1363 1 ter
1364 0 1364 1 ter
1365 0 1365 1 ter
1366 0 1366 1 ter
1367 0 1367 1 ter
1368 0 1368 1 ter
1369 0 1369 1 ter
1370 0 1370 1 ter
1371 0 1371 1 ter
1372 0 1372 1 ter
1373 0 1373 1 ter
1374 0 1374 1 ter
1375 0 1375 1 ter
1376 0 1376 1 ter
1377 0 1377 1 ter
1378 0 1378 1 ter
1379 0 1379 1 ter
1380 0 1380 1 ter
1381 0 1381 1 ter
1382 0 1382 1 ter
1383 0 1383 1 ter
1384 0 1384 1 ter
1385 0 1385 1 ter
1386 0 1386 1 ter
1387 0 1387 1 ter
1388 0 1388 1 ter
1389 0 1389 1 ter
1390 0 1390 1 ter
1391 0 1391 1 ter
1392 0 1392 1 ter
1393 0 1393 1 ter
1394 0 1394 1 ter
1395 0 1395 1 ter
1396 0 1396 1 ter
1397 0 1397 1 ter
1398 0 1398 1 ter
1399 0 1399 1 ter
1400 0 1400 1 ter
1401 0 1401 1 ter
1402 0 1402 1 ter
1403 0 1403 1 ter
1404 0 1404 1 ter
1405 0 1405 1 ter
1406 0 1406 1 ter
1407 0 1407 1 ter
1408 0 1408 1 ter
1409 0 1409 1 ter
1410 0 1410 1 ter
1411 0 1411 1 ter
1412 0 1412 1 ter
1413 0 1413 1 ter
1414 0 1414 1 ter
1415 0 1415 1 ter
1416 0 1416 1 ter
1417 0 1417 1 ter
1418 0 1418 1 ter
1419 0 1419 1 ter
1420 0 1420 1 ter
1421 0 1421 1 ter
1422 0 1422 1 ter
1423 0 1423 1 ter
1424 0 1424 1 ter
1425 0 1425 1 ter
1426 0 1426 1 ter
1427 0 1427 1 ter
1428 0 1428 1 ter
1429 0 1429 1 ter
1430 0 1430 1 ter
1431 0 1431 1 ter
1432 0 1432 1 ter
1433 0 1433 1 ter
1434 0 1434 1 ter
1435 0 1435 1 ter
1436 0 1436 1 ter
1437 0 1437 1 ter
1438 0 1438 1 ter
1439 0 1439 1 ter
1440 0 1440 1 ter
1441 0 1441 1 ter
1442 0 1442 1 ter
1443 0 1443 1 ter
1444 0 1444 1 ter
1445 0 1445 1 ter
1446 0 1446 1 ter
1447 0 1447 1 ter
1448 0 1448 1 ter
1449 0 1449 1 ter
1450 0 1450 1 ter
1451 0 1451 1 ter
1452 0 1452 1 ter
1453 0 1453 1 ter
1454 0 1454 1 ter
1455 0 1455 1 ter
1456 0 1456 1 ter
1457 0 1457 1 ter
1458 0 1458 1 ter
1459 0 1459 1 ter
1460 0 1460 1 ter
1461 0 1461 1 ter
1462 0 1462 1 ter
1463 0 1463 1 ter
1464 0 1464 1 ter
1465 0 1465 1 ter
1466 0 1466 1 ter
1467 0 1467 1 ter
1468 0 1468 1 ter
1469 0 1469 1 ter
1470 0 1470 1 ter
1471 0 1471 1 ter
