72 91 111
0 0 12 0.0936501492947 n2e0
0 0 13 0.906349850705 n2e0
0 1 12 0.0526544006079 n2e1
0 1 14 0.947345599392 n2e1
1 0 15 0.0203702739663 n2e0
1 0 16 0.979629726034 n2e0
1 1 15 0.0597237282365 n2e1
1 1 17 0.940276271763 n2e1
2 0 18 0.0470577617354 n2e0
2 0 19 0.952942238265 n2e0
2 1 18 0.037854642052 n2e1
2 1 20 0.962145357948 n2e1
3 0 21 0.0830738203051 n2e0
3 0 22 0.916926179695 n2e0
3 1 21 0.0659646404479 n2e1
3 1 23 0.934035359552 n2e1
4 0 24 0.0733656757628 n2e0
4 0 25 0.926634324237 n2e0
4 1 24 0.075702530035 n2e1
4 1 26 0.924297469965 n2e1
5 0 27 0.0430786681224 n2e0
5 0 28 0.956921331878 n2e0
5 1 27 0.0809030624502 n2e1
5 1 29 0.91909693755 n2e1
6 0 30 0.0588282822616 n2e0
6 0 31 0.941171717738 n2e0
6 1 30 0.0593685368192 n2e1
6 1 32 0.940631463181 n2e1
7 0 33 0.0564958705767 n2e0
7 0 34 0.943504129423 n2e0
7 1 33 0.0730550209047 n2e1
7 1 35 0.926944979095 n2e1
8 0 36 0.0858646473887 n2e0
8 0 37 0.914135352611 n2e0
8 1 36 0.0346134785231 n2e1
8 1 38 0.965386521477 n2e1
9 0 39 0.0776665224226 n2e0
9 0 40 0.922333477577 n2e0
9 1 39 0.0243694951697 n2e1
9 1 41 0.97563050483 n2e1
10 0 0 1 n2r0
10 1 1 1 n2r1
10 2 2 1 n2r2
10 3 3 1 n2r3
10 4 4 1 n2r4
10 5 5 1 n2r5
10 6 6 1 n2r6
10 7 7 1 n2r7
10 8 8 1 n2r8
10 9 9 1 n2r9
11 0 10 1 be
12 0 42 1 end
13 0 43 1 end
14 0 44 1 end
15 0 45 1 end
16 0 46 1 end
17 0 47 1 end
18 0 48 1 end
19 0 49 1 end
20 0 50 1 end
21 0 51 1 end
22 0 52 1 end
23 0 53 1 end
24 0 54 1 end
25 0 55 1 end
26 0 56 1 end
27 0 57 1 end
28 0 58 1 end
29 0 59 1 end
30 0 60 1 end
31 0 61 1 end
32 0 62 1 end
33 0 63 1 end
34 0 64 1 end
35 0 65 1 end
36 0 66 1 end
37 0 67 1 end
38 0 68 1 end
39 0 69 1 end
40 0 70 1 end
41 0 71 1 end
42 0 42 1 ter
43 0 43 1 ter
44 0 44 1 ter
45 0 45 1 ter
46 0 46 1 ter
47 0 47 1 ter
48 0 48 1 ter
49 0 49 1 ter
50 0 50 1 ter
51 0 51 1 ter
52 0 52 1 ter
53 0 53 1 ter
54 0 54 1 ter
55 0 55 1 ter
56 0 56 1 ter
57 0 57 1 ter
58 0 58 1 ter
59 0 59 1 ter
60 0 60 1 ter
61 0 61 1 ter
62 0 62 1 ter
63 0 63 1 ter
64 0 64 1 ter
65 0 65 1 ter
66 0 66 1 ter
67 0 67 1 ter
68 0 68 1 ter
69 0 69 1 ter
70 0 70 1 ter
71 0 71 1 ter
