212 271 331
0 0 32 0.0276727453888 n0e0
0 0 33 0.972327254611 n0e0
0 1 32 0.0508715564272 n0e1
0 1 34 0.949128443573 n0e1
1 0 35 0.0915779112945 n0e0
1 0 36 0.908422088706 n0e0
1 1 35 0.0996097111608 n0e1
1 1 37 0.900390288839 n0e1
2 0 38 0.0792421382586 n0e0
2 0 39 0.920757861741 n0e0
2 1 38 0.0652360126472 n0e1
2 1 40 0.934763987353 n0e1
3 0 41 0.0692321183267 n0e0
3 0 42 0.930767881673 n0e0
3 1 41 0.042141108474 n0e1
3 1 43 0.957858891526 n0e1
4 0 44 0.0514467733641 n0e0
4 0 45 0.948553226636 n0e0
4 1 44 0.0394799257528 n0e1
4 1 46 0.960520074247 n0e1
5 0 47 0.0768895639911 n0e0
5 0 48 0.923110436009 n0e0
5 1 47 0.0822997214062 n0e1
5 1 49 0.917700278594 n0e1
6 0 50 9.33767712045e-05 n0e0
6 0 51 0.999906623229 n0e0
6 1 50 0.0447018361372 n0e1
6 1 52 0.955298163863 n0e1
7 0 53 0.0217819055629 n0e0
7 0 54 0.978218094437 n0e0
7 1 53 0.0806133269768 n0e1
7 1 55 0.919386673023 n0e1
8 0 56 0.0741896692226 n0e0
8 0 57 0.925810330777 n0e0
8 1 56 0.0148183592092 n0e1
8 1 58 0.985181640791 n0e1
9 0 59 0.0279251464098 n0e0
9 0 60 0.97207485359 n0e0
9 1 59 0.00453937734646 n0e1
9 1 61 0.995460622654 n0e1
10 0 62 0.020971946382 n0e0
10 0 63 0.979028053618 n0e0
10 1 62 0.0803852637496 n0e1
10 1 64 0.91961473625 n0e1
11 0 65 0.0789428264365 n0e0
11 0 66 0.921057173564 n0e0
11 1 65 0.0330315900751 n0e1
11 1 67 0.966968409925 n0e1
12 0 68 0.0417714486882 n0e0
12 0 69 0.958228551312 n0e0
12 1 68 0.00799502359617 n0e1
12 1 70 0.992004976404 n0e1
13 0 71 0.0967416897364 n0e0
13 0 72 0.903258310264 n0e0
13 1 71 0.0220493622183 n0e1
13 1 73 0.977950637782 n0e1
14 0 74 0.0674463469514 n0e0
14 0 75 0.932553653049 n0e0
14 1 74 0.00844420088223 n0e1
14 1 76 0.991555799118 n0e1
15 0 77 0.0799805039549 n0e0
15 0 78 0.920019496045 n0e0
15 1 77 0.0986639004873 n0e1
15 1 79 0.901336099513 n0e1
16 0 80 0.0467972314729 n0e0
16 0 81 0.953202768527 n0e0
16 1 80 0.0874876532212 n0e1
16 1 82 0.912512346779 n0e1
17 0 83 0.00826763665713 n0e0
17 0 84 0.991732363343 n0e0
17 1 83 0.0130191565866 n0e1
17 1 85 0.986980843413 n0e1
18 0 86 0.0701279782171 n0e0
18 0 87 0.929872021783 n0e0
18 1 86 0.0828804456472 n0e1
18 1 88 0.917119554353 n0e1
19 0 89 0.010964814906 n0e0
19 0 90 0.989035185094 n0e0
19 1 89 0.0583056306392 n0e1
19 1 91 0.941694369361 n0e1
20 0 92 0.0627899464313 n0e0
20 0 93 0.937210053569 n0e0
20 1 92 0.0291518809952 n0e1
20 1 94 0.970848119005 n0e1
21 0 95 0.036964162781 n0e0
21 0 96 0.963035837219 n0e0
21 1 95 0.0280411605582 n0e1
21 1 97 0.971958839442 n0e1
22 0 98 0.0379287171213 n0e0
22 0 99 0.962071282879 n0e0
22 1 98 0.0853234191871 n0e1
22 1 100 0.914676580813 n0e1
23 0 101 0.0753111674139 n0e0
23 0 102 0.924688832586 n0e0
23 1 101 0.094204455102 n0e1
23 1 103 0.905795544898 n0e1
24 0 104 0.0328424665615 n0e0
24 0 105 0.967157533438 n0e0
24 1 104 0.0590180629228 n0e1
24 1 106 0.940981937077 n0e1
25 0 107 0.0141469581446 n0e0
25 0 108 0.985853041855 n0e0
25 1 107 0.0403478533477 n0e1
25 1 109 0.959652146652 n0e1
26 0 110 0.0913244932375 n0e0
26 0 111 0.908675506762 n0e0
26 1 110 0.0578779774627 n0e1
26 1 112 0.942122022537 n0e1
27 0 113 0.0985531571794 n0e0
27 0 114 0.901446842821 n0e0
27 1 113 0.0567803188439 n0e1
27 1 115 0.943219681156 n0e1
28 0 116 0.0288518055915 n0e0
28 0 117 0.971148194408 n0e0
28 1 116 0.0310891820479 n0e1
28 1 118 0.968910817952 n0e1
29 0 119 0.0524338159027 n0e0
29 0 120 0.947566184097 n0e0
29 1 119 0.0194449772022 n0e1
29 1 121 0.980555022798 n0e1
30 0 0 1 n0r0
30 1 1 1 n0r1
30 2 2 1 n0r2
30 3 3 1 n0r3
30 4 4 1 n0r4
30 5 5 1 n0r5
30 6 6 1 n0r6
30 7 7 1 n0r7
30 8 8 1 n0r8
30 9 9 1 n0r9
30 10 10 1 n0r10
30 11 11 1 n0r11
30 12 12 1 n0r12
30 13 13 1 n0r13
30 14 14 1 n0r14
30 15 15 1 n0r15
30 16 16 1 n0r16
30 17 17 1 n0r17
30 18 18 1 n0r18
30 19 19 1 n0r19
30 20 20 1 n0r20
30 21 21 1 n0r21
30 22 22 1 n0r22
30 23 23 1 n0r23
30 24 24 1 n0r24
30 25 25 1 n0r25
30 26 26 1 n0r26
30 27 27 1 n0r27
30 28 28 1 n0r28
30 29 29 1 n0r29
31 0 30 1 be
32 0 122 1 end
33 0 123 1 end
34 0 124 1 end
35 0 125 1 end
36 0 126 1 end
37 0 127 1 end
38 0 128 1 end
39 0 129 1 end
40 0 130 1 end
41 0 131 1 end
42 0 132 1 end
43 0 133 1 end
44 0 134 1 end
45 0 135 1 end
46 0 136 1 end
47 0 137 1 end
48 0 138 1 end
49 0 139 1 end
50 0 140 1 end
51 0 141 1 end
52 0 142 1 end
53 0 143 1 end
54 0 144 1 end
55 0 145 1 end
56 0 146 1 end
57 0 147 1 end
58 0 148 1 end
59 0 149 1 end
60 0 150 1 end
61 0 151 1 end
62 0 152 1 end
63 0 153 1 end
64 0 154 1 end
65 0 155 1 end
66 0 156 1 end
67 0 157 1 end
68 0 158 1 end
69 0 159 1 end
70 0 160 1 end
71 0 161 1 end
72 0 162 1 end
73 0 163 1 end
74 0 164 1 end
75 0 165 1 end
76 0 166 1 end
77 0 167 1 end
78 0 168 1 end
79 0 169 1 end
80 0 170 1 end
81 0 171 1 end
82 0 172 1 end
83 0 173 1 end
84 0 174 1 end
85 0 175 1 end
86 0 176 1 end
87 0 177 1 end
88 0 178 1 end
89 0 179 1 end
90 0 180 1 end
91 0 181 1 end
92 0 182 1 end
93 0 183 1 end
94 0 184 1 end
95 0 185 1 end
96 0 186 1 end
97 0 187 1 end
98 0 188 1 end
99 0 189 1 end
100 0 190 1 end
101 0 191 1 end
102 0 192 1 end
103 0 193 1 end
104 0 194 1 end
105 0 195 1 end
106 0 196 1 end
107 0 197 1 end
108 0 198 1 end
109 0 199 1 end
110 0 200 1 end
111 0 201 1 end
112 0 202 1 end
113 0 203 1 end
114 0 204 1 end
115 0 205 1 end
116 0 206 1 end
117 0 207 1 end
118 0 208 1 end
119 0 209 1 end
120 0 210 1 end
121 0 211 1 end
122 0 122 1 ter
123 0 123 1 ter
124 0 124 1 ter
125 0 125 1 ter
126 0 126 1 ter
127 0 127 1 ter
128 0 128 1 ter
129 0 129 1 ter
130 0 130 1 ter
131 0 131 1 ter
132 0 132 1 ter
133 0 133 1 ter
134 0 134 1 ter
135 0 135 1 ter
136 0 136 1 ter
137 0 137 1 ter
138 0 138 1 ter
139 0 139 1 ter
140 0 140 1 ter
141 0 141 1 ter
142 0 142 1 ter
143 0 143 1 ter
144 0 144 1 ter
145 0 145 1 ter
146 0 146 1 ter
147 0 147 1 ter
148 0 148 1 ter
149 0 149 1 ter
150 0 150 1 ter
151 0 151 1 ter
152 0 152 1 ter
153 0 153 1 ter
154 0 154 1 ter
155 0 155 1 ter
156 0 156 1 ter
157 0 157 1 ter
158 0 158 1 ter
159 0 159 1 ter
160 0 160 1 ter
161 0 161 1 ter
162 0 162 1 ter
163 0 163 1 ter
164 0 164 1 ter
165 0 165 1 ter
166 0 166 1 ter
167 0 167 1 ter
168 0 168 1 ter
169 0 169 1 ter
170 0 170 1 ter
171 0 171 1 ter
172 0 172 1 ter
173 0 173 1 ter
174 0 174 1 ter
175 0 175 1 ter
176 0 176 1 ter
177 0 177 1 ter
178 0 178 1 ter
179 0 179 1 ter
180 0 180 1 ter
181 0 181 1 ter
182 0 182 1 ter
183 0 183 1 ter
184 0 184 1 ter
185 0 185 1 ter
186 0 186 1 ter
187 0 187 1 ter
188 0 188 1 ter
189 0 189 1 ter
190 0 190 1 ter
191 0 191 1 ter
192 0 192 1 ter
193 0 193 1 ter
194 0 194 1 ter
195 0 195 1 ter
196 0 196 1 ter
197 0 197 1 ter
198 0 198 1 ter
199 0 199 1 ter
200 0 200 1 ter
201 0 201 1 ter
202 0 202 1 ter
203 0 203 1 ter
204 0 204 1 ter
205 0 205 1 ter
206 0 206 1 ter
207 0 207 1 ter
208 0 208 1 ter
209 0 209 1 ter
210 0 210 1 ter
211 0 211 1 ter
