214 273 333
0 0 94 0.0844282674508 n0e0
0 0 95 0.915571732549 n0e0
0 1 94 0.0254762579663 n0e1
0 1 96 0.974523742034 n0e1
1 0 97 0.0874829807702 n0e0
1 0 98 0.91251701923 n0e0
1 1 97 0.0614845496897 n0e1
1 1 99 0.93851545031 n0e1
2 0 100 0.00473019019744 n0e0
2 0 101 0.995269809803 n0e0
2 1 100 0.0158871785209 n0e1
2 1 102 0.984112821479 n0e1
3 0 103 0.0758138533929 n0e0
3 0 104 0.924186146607 n0e0
3 1 103 0.094562623635 n0e1
3 1 105 0.905437376365 n0e1
4 0 106 0.0994821465998 n0e0
4 0 107 0.9005178534 n0e0
4 1 106 0.0752378097006 n0e1
4 1 108 0.924762190299 n0e1
5 0 109 0.0289717063224 n0e0
5 0 110 0.971028293678 n0e0
5 1 109 0.0476796826015 n0e1
5 1 111 0.952320317398 n0e1
6 0 112 0.068184435483 n0e0
6 0 113 0.931815564517 n0e0
6 1 112 0.0507552072923 n0e1
6 1 114 0.949244792708 n0e1
7 0 115 0.00264025587772 n0e0
7 0 116 0.997359744122 n0e0
7 1 115 0.00275798654959 n0e1
7 1 117 0.99724201345 n0e1
8 0 118 0.0962187593292 n0e0
8 0 119 0.903781240671 n0e0
8 1 118 0.00778920277956 n0e1
8 1 120 0.99221079722 n0e1
9 0 121 0.0481383047874 n0e0
9 0 122 0.951861695213 n0e0
9 1 121 0.059907748906 n0e1
9 1 123 0.940092251094 n0e1
10 0 64 0.0461342873782 n1e0
10 0 65 0.953865712622 n1e0
10 1 64 0.0459514597479 n1e1
10 1 66 0.954048540252 n1e1
11 0 67 0.00344831476834 n1e0
11 0 68 0.996551685232 n1e0
11 1 67 0.0966540416797 n1e1
11 1 69 0.90334595832 n1e1
12 0 70 0.0224870989526 n1e0
12 0 71 0.977512901047 n1e0
12 1 70 0.0770582999778 n1e1
12 1 72 0.922941700022 n1e1
13 0 73 0.0698816027906 n1e0
13 0 74 0.930118397209 n1e0
13 1 73 0.0655205420808 n1e1
13 1 75 0.934479457919 n1e1
14 0 76 0.0522259183169 n1e0
14 0 77 0.947774081683 n1e0
14 1 76 0.0744201689074 n1e1
14 1 78 0.925579831093 n1e1
15 0 79 0.00938058706961 n1e0
15 0 80 0.99061941293 n1e0
15 1 79 0.00934737744437 n1e1
15 1 81 0.990652622556 n1e1
16 0 82 0.0933184945966 n1e0
16 0 83 0.906681505403 n1e0
16 1 82 0.0258872107583 n1e1
16 1 84 0.974112789242 n1e1
17 0 85 0.0613271036321 n1e0
17 0 86 0.938672896368 n1e0
17 1 85 0.0919275819345 n1e1
17 1 87 0.908072418065 n1e1
18 0 88 0.0995043984803 n1e0
18 0 89 0.90049560152 n1e0
18 1 88 0.00524667140503 n1e1
18 1 90 0.994753328595 n1e1
19 0 91 0.0781398131547 n1e0
19 0 92 0.921860186845 n1e0
19 1 91 0.0921161344361 n1e1
19 1 93 0.907883865564 n1e1
20 0 34 0.0444901115804 n2e0
20 0 35 0.95550988842 n2e0
20 1 34 0.0720394536981 n2e1
20 1 36 0.927960546302 n2e1
21 0 37 0.00326575218352 n2e0
21 0 38 0.996734247816 n2e0
21 1 37 0.0472133045109 n2e1
21 1 39 0.952786695489 n2e1
22 0 40 0.0932248418136 n2e0
22 0 41 0.906775158186 n2e0
22 1 40 0.0603889480788 n2e1
22 1 42 0.939611051921 n2e1
23 0 43 0.00962370768291 n2e0
23 0 44 0.990376292317 n2e0
23 1 43 0.0246852644315 n2e1
23 1 45 0.975314735568 n2e1
24 0 46 0.0657440272613 n2e0
24 0 47 0.934255972739 n2e0
24 1 46 0.057902268408 n2e1
24 1 48 0.942097731592 n2e1
25 0 49 0.0656601062134 n2e0
25 0 50 0.934339893787 n2e0
25 1 49 0.0544071417941 n2e1
25 1 51 0.945592858206 n2e1
26 0 52 0.0685538931887 n2e0
26 0 53 0.931446106811 n2e0
26 1 52 0.0201486556328 n2e1
26 1 54 0.979851344367 n2e1
27 0 55 0.011805314912 n2e0
27 0 56 0.988194685088 n2e0
27 1 55 0.0195146763561 n2e1
27 1 57 0.980485323644 n2e1
28 0 58 0.0543398074791 n2e0
28 0 59 0.945660192521 n2e0
28 1 58 0.0866765514701 n2e1
28 1 60 0.91332344853 n2e1
29 0 61 0.0560312634386 n2e0
29 0 62 0.943968736561 n2e0
29 1 61 0.0487874176916 n2e1
29 1 63 0.951212582308 n2e1
30 0 0 1 n0r0
30 1 1 1 n0r1
30 2 2 1 n0r2
30 3 3 1 n0r3
30 4 4 1 n0r4
30 5 5 1 n0r5
30 6 6 1 n0r6
30 7 7 1 n0r7
30 8 8 1 n0r8
30 9 9 1 n0r9
31 0 10 1 n1r0
31 1 11 1 n1r1
31 2 12 1 n1r2
31 3 13 1 n1r3
31 4 14 1 n1r4
31 5 15 1 n1r5
31 6 16 1 n1r6
31 7 17 1 n1r7
31 8 18 1 n1r8
31 9 19 1 n1r9
32 0 20 1 n2r0
32 1 21 1 n2r1
32 2 22 1 n2r2
32 3 23 1 n2r3
32 4 24 1 n2r4
32 5 25 1 n2r5
32 6 26 1 n2r6
32 7 27 1 n2r7
32 8 28 1 n2r8
32 9 29 1 n2r9
33 0 30 1 be
33 1 31 1 be
33 2 32 1 be
34 0 124 1 end
35 0 125 1 end
36 0 126 1 end
37 0 127 1 end
38 0 128 1 end
39 0 129 1 end
40 0 130 1 end
41 0 131 1 end
42 0 132 1 end
43 0 133 1 end
44 0 134 1 end
45 0 135 1 end
46 0 136 1 end
47 0 137 1 end
48 0 138 1 end
49 0 139 1 end
50 0 140 1 end
51 0 141 1 end
52 0 142 1 end
53 0 143 1 end
54 0 144 1 end
55 0 145 1 end
56 0 146 1 end
57 0 147 1 end
58 0 148 1 end
59 0 149 1 end
60 0 150 1 end
61 0 151 1 end
62 0 152 1 end
63 0 153 1 end
64 0 154 1 end
65 0 155 1 end
66 0 156 1 end
67 0 157 1 end
68 0 158 1 end
69 0 159 1 end
70 0 160 1 end
71 0 161 1 end
72 0 162 1 end
73 0 163 1 end
74 0 164 1 end
75 0 165 1 end
76 0 166 1 end
77 0 167 1 end
78 0 168 1 end
79 0 169 1 end
80 0 170 1 end
81 0 171 1 end
82 0 172 1 end
83 0 173 1 end
84 0 174 1 end
85 0 175 1 end
86 0 176 1 end
87 0 177 1 end
88 0 178 1 end
89 0 179 1 end
90 0 180 1 end
91 0 181 1 end
92 0 182 1 end
93 0 183 1 end
94 0 184 1 end
95 0 185 1 end
96 0 186 1 end
97 0 187 1 end
98 0 188 1 end
99 0 189 1 end
100 0 190 1 end
101 0 191 1 end
102 0 192 1 end
103 0 193 1 end
104 0 194 1 end
105 0 195 1 end
106 0 196 1 end
107 0 197 1 end
108 0 198 1 end
109 0 199 1 end
110 0 200 1 end
111 0 201 1 end
112 0 202 1 end
113 0 203 1 end
114 0 204 1 end
115 0 205 1 end
116 0 206 1 end
117 0 207 1 end
118 0 208 1 end
119 0 209 1 end
120 0 210 1 end
121 0 211 1 end
122 0 212 1 end
123 0 213 1 end
124 0 124 1 ter
125 0 125 1 ter
126 0 126 1 ter
127 0 127 1 ter
128 0 128 1 ter
129 0 129 1 ter
130 0 130 1 ter
131 0 131 1 ter
132 0 132 1 ter
133 0 133 1 ter
134 0 134 1 ter
135 0 135 1 ter
136 0 136 1 ter
137 0 137 1 ter
138 0 138 1 ter
139 0 139 1 ter
140 0 140 1 ter
141 0 141 1 ter
142 0 142 1 ter
143 0 143 1 ter
144 0 144 1 ter
145 0 145 1 ter
146 0 146 1 ter
147 0 147 1 ter
148 0 148 1 ter
149 0 149 1 ter
150 0 150 1 ter
151 0 151 1 ter
152 0 152 1 ter
153 0 153 1 ter
154 0 154 1 ter
155 0 155 1 ter
156 0 156 1 ter
157 0 157 1 ter
158 0 158 1 ter
159 0 159 1 ter
160 0 160 1 ter
161 0 161 1 ter
162 0 162 1 ter
163 0 163 1 ter
164 0 164 1 ter
165 0 165 1 ter
166 0 166 1 ter
167 0 167 1 ter
168 0 168 1 ter
169 0 169 1 ter
170 0 170 1 ter
171 0 171 1 ter
172 0 172 1 ter
173 0 173 1 ter
174 0 174 1 ter
175 0 175 1 ter
176 0 176 1 ter
177 0 177 1 ter
178 0 178 1 ter
179 0 179 1 ter
180 0 180 1 ter
181 0 181 1 ter
182 0 182 1 ter
183 0 183 1 ter
184 0 184 1 ter
185 0 185 1 ter
186 0 186 1 ter
187 0 187 1 ter
188 0 188 1 ter
189 0 189 1 ter
190 0 190 1 ter
191 0 191 1 ter
192 0 192 1 ter
193 0 193 1 ter
194 0 194 1 ter
195 0 195 1 ter
196 0 196 1 ter
197 0 197 1 ter
198 0 198 1 ter
199 0 199 1 ter
200 0 200 1 ter
201 0 201 1 ter
202 0 202 1 ter
203 0 203 1 ter
204 0 204 1 ter
205 0 205 1 ter
206 0 206 1 ter
207 0 207 1 ter
208 0 208 1 ter
209 0 209 1 ter
210 0 210 1 ter
211 0 211 1 ter
212 0 212 1 ter
213 0 213 1 ter
