72 91 111
0 0 12 0.0813711399126 n1e0
0 0 13 0.918628860087 n1e0
0 1 12 0.0335270883338 n1e1
0 1 14 0.966472911666 n1e1
1 0 15 0.0634315476672 n1e0
1 0 16 0.936568452333 n1e0
1 1 15 0.0977549094859 n1e1
1 1 17 0.902245090514 n1e1
2 0 18 0.0832603640297 n1e0
2 0 19 0.91673963597 n1e0
2 1 18 0.0993889244526 n1e1
2 1 20 0.900611075547 n1e1
3 0 21 0.0920801597611 n1e0
3 0 22 0.907919840239 n1e0
3 1 21 0.071582060094 n1e1
3 1 23 0.928417939906 n1e1
4 0 24 0.0138599313771 n1e0
4 0 25 0.986140068623 n1e0
4 1 24 0.0937281656276 n1e1
4 1 26 0.906271834372 n1e1
5 0 27 0.0226185851535 n1e0
5 0 28 0.977381414847 n1e0
5 1 27 0.0317793016197 n1e1
5 1 29 0.96822069838 n1e1
6 0 30 0.0345730301799 n1e0
6 0 31 0.96542696982 n1e0
6 1 30 0.0346082995736 n1e1
6 1 32 0.965391700426 n1e1
7 0 33 0.0689295806534 n1e0
7 0 34 0.931070419347 n1e0
7 1 33 0.0830096941871 n1e1
7 1 35 0.916990305813 n1e1
8 0 36 0.0739605377523 n1e0
8 0 37 0.926039462248 n1e0
8 1 36 0.072070753756 n1e1
8 1 38 0.927929246244 n1e1
9 0 39 0.0762828886279 n1e0
9 0 40 0.923717111372 n1e0
9 1 39 0.0582305033694 n1e1
9 1 41 0.941769496631 n1e1
10 0 0 1 n1r0
10 1 1 1 n1r1
10 2 2 1 n1r2
10 3 3 1 n1r3
10 4 4 1 n1r4
10 5 5 1 n1r5
10 6 6 1 n1r6
10 7 7 1 n1r7
10 8 8 1 n1r8
10 9 9 1 n1r9
11 0 10 1 be
12 0 42 1 end
13 0 43 1 end
14 0 44 1 end
15 0 45 1 end
16 0 46 1 end
17 0 47 1 end
18 0 48 1 end
19 0 49 1 end
20 0 50 1 end
21 0 51 1 end
22 0 52 1 end
23 0 53 1 end
24 0 54 1 end
25 0 55 1 end
26 0 56 1 end
27 0 57 1 end
28 0 58 1 end
29 0 59 1 end
30 0 60 1 end
31 0 61 1 end
32 0 62 1 end
33 0 63 1 end
34 0 64 1 end
35 0 65 1 end
36 0 66 1 end
37 0 67 1 end
38 0 68 1 end
39 0 69 1 end
40 0 70 1 end
41 0 71 1 end
42 0 42 1 ter
43 0 43 1 ter
44 0 44 1 ter
45 0 45 1 ter
46 0 46 1 ter
47 0 47 1 ter
48 0 48 1 ter
49 0 49 1 ter
50 0 50 1 ter
51 0 51 1 ter
52 0 52 1 ter
53 0 53 1 ter
54 0 54 1 ter
55 0 55 1 ter
56 0 56 1 ter
57 0 57 1 ter
58 0 58 1 ter
59 0 59 1 ter
60 0 60 1 ter
61 0 61 1 ter
62 0 62 1 ter
63 0 63 1 ter
64 0 64 1 ter
65 0 65 1 ter
66 0 66 1 ter
67 0 67 1 ter
68 0 68 1 ter
69 0 69 1 ter
70 0 70 1 ter
71 0 71 1 ter
