72 91 111
0 0 12 0.0142721896982 n0e0
0 0 13 0.985727810302 n0e0
0 1 12 0.080537240128 n0e1
0 1 14 0.919462759872 n0e1
1 0 15 0.0210695926329 n0e0
1 0 16 0.978930407367 n0e0
1 1 15 0.0568326506249 n0e1
1 1 17 0.943167349375 n0e1
2 0 18 0.0370550068567 n0e0
2 0 19 0.962944993143 n0e0
2 1 18 0.0180649567743 n0e1
2 1 20 0.981935043226 n0e1
3 0 21 0.0867424792506 n0e0
3 0 22 0.913257520749 n0e0
3 1 21 0.0752313688096 n0e1
3 1 23 0.92476863119 n0e1
4 0 24 0.0804592166278 n0e0
4 0 25 0.919540783372 n0e0
4 1 24 0.0516404906491 n0e1
4 1 26 0.948359509351 n0e1
5 0 27 0.0321411985491 n0e0
5 0 28 0.967858801451 n0e0
5 1 27 0.0569367634725 n0e1
5 1 29 0.943063236528 n0e1
6 0 30 0.010949595686 n0e0
6 0 31 0.989050404314 n0e0
6 1 30 0.0817365564249 n0e1
6 1 32 0.918263443575 n0e1
7 0 33 0.0833600854296 n0e0
7 0 34 0.91663991457 n0e0
7 1 33 0.017255149616 n0e1
7 1 35 0.982744850384 n0e1
8 0 36 0.0810605135859 n0e0
8 0 37 0.918939486414 n0e0
8 1 36 0.0034672015398 n0e1
8 1 38 0.99653279846 n0e1
9 0 39 0.0826371555538 n0e0
9 0 40 0.917362844446 n0e0
9 1 39 0.0631536053219 n0e1
9 1 41 0.936846394678 n0e1
10 0 0 1 n0r0
10 1 1 1 n0r1
10 2 2 1 n0r2
10 3 3 1 n0r3
10 4 4 1 n0r4
10 5 5 1 n0r5
10 6 6 1 n0r6
10 7 7 1 n0r7
10 8 8 1 n0r8
10 9 9 1 n0r9
11 0 10 1 be
12 0 42 1 end
13 0 43 1 end
14 0 44 1 end
15 0 45 1 end
16 0 46 1 end
17 0 47 1 end
18 0 48 1 end
19 0 49 1 end
20 0 50 1 end
21 0 51 1 end
22 0 52 1 end
23 0 53 1 end
24 0 54 1 end
25 0 55 1 end
26 0 56 1 end
27 0 57 1 end
28 0 58 1 end
29 0 59 1 end
30 0 60 1 end
31 0 61 1 end
32 0 62 1 end
33 0 63 1 end
34 0 64 1 end
35 0 65 1 end
36 0 66 1 end
37 0 67 1 end
38 0 68 1 end
39 0 69 1 end
40 0 70 1 end
41 0 71 1 end
42 0 42 1 ter
43 0 43 1 ter
44 0 44 1 ter
45 0 45 1 ter
46 0 46 1 ter
47 0 47 1 ter
48 0 48 1 ter
49 0 49 1 ter
50 0 50 1 ter
51 0 51 1 ter
52 0 52 1 ter
53 0 53 1 ter
54 0 54 1 ter
55 0 55 1 ter
56 0 56 1 ter
57 0 57 1 ter
58 0 58 1 ter
59 0 59 1 ter
60 0 60 1 ter
61 0 61 1 ter
62 0 62 1 ter
63 0 63 1 ter
64 0 64 1 ter
65 0 65 1 ter
66 0 66 1 ter
67 0 67 1 ter
68 0 68 1 ter
69 0 69 1 ter
70 0 70 1 ter
71 0 71 1 ter
